0.0 1.9826185016978443e-09
0.002002002002002002 9.431567906535933e-10
0.004004004004004004 7.813518857979983e-09
0.006006006006006006 3.008839916753777e-09
0.008008008008008008 6.849464923166087e-10
0.01001001001001001 6.469136828584011e-09
0.012012012012012012 2.348334575558276e-09
0.014014014014014014 3.530757768123605e-09
0.016016016016016016 1.7150588412662537e-09
0.018018018018018018 5.41879727104492e-09
0.02002002002002002 1.7386468248882365e-09
0.022022022022022022 5.420035336611397e-09
0.024024024024024024 1.7396066435121186e-09
0.026026026026026026 5.420027712304981e-09
0.028028028028028028 1.739600733457843e-09
0.03003003003003003 5.420027772787755e-09
0.03203203203203203 1.739600780341733e-09
0.03403403403403403 5.420027772304614e-09
0.036036036036036036 1.739600779967236e-09
0.03803803803803804 5.420027772309154e-09
0.04004004004004004 1.7396007799708078e-09
0.04204204204204204 5.420027772309016e-09
0.044044044044044044 1.739600779970548e-09
0.04604604604604605 5.420027772311166e-09
0.04804804804804805 1.7396007799723331e-09
0.050050050050050046 5.420027772309795e-09
0.05205205205205205 1.73960077997119e-09
0.05405405405405406 5.4200277723074726e-09
0.056056056056056056 1.7396007799694678e-09
0.058058058058058054 5.420027772308976e-09
0.06006006006006006 1.7396007799707979e-09
0.062062062062062065 5.4200277723085785e-09
0.06406406406406406 1.7396007799701634e-09
0.06606606606606606 5.420027772307054e-09
0.06806806806806806 1.739600779969156e-09
0.07007007007007007 5.420027772309824e-09
0.07207207207207207 1.7396007799714422e-09
0.07407407407407407 5.420027772308659e-09
0.07607607607607608 1.7396007799704149e-09
0.07807807807807808 5.420027772308716e-09
0.08008008008008008 1.7396007799703537e-09
0.08208208208208208 5.420027772309904e-09
0.08408408408408408 1.739600779971262e-09
0.08608608608608609 5.420027772309349e-09
0.08808808808808809 1.7396007799707143e-09
0.09009009009009009 5.420027772308372e-09
0.0920920920920921 1.7396007799700807e-09
0.0940940940940941 5.420027772308308e-09
0.0960960960960961 1.7396007799700832e-09
0.0980980980980981 5.420027772306716e-09
0.10010010010010009 1.7396007799687994e-09
0.1021021021021021 5.420027772309331e-09
0.1041041041041041 1.7396007799707979e-09
0.1061061061061061 5.4200277723085785e-09
0.10810810810810811 1.7396007799701634e-09
0.11011011011011011 5.420027772307054e-09
0.11211211211211211 1.739600779969156e-09
0.11411411411411411 5.420027772309824e-09
0.11611611611611611 1.7396007799714422e-09
0.11811811811811812 5.420027772308659e-09
0.12012012012012012 1.7396007799704149e-09
0.12212212212212212 5.420027772308716e-09
0.12412412412412413 1.7396007799703537e-09
0.12612612612612611 5.420027772309904e-09
0.12812812812812813 1.739600779971262e-09
0.13013013013013014 5.420027772309349e-09
0.13213213213213212 1.7396007799707143e-09
0.13413413413413414 5.420027772308372e-09
0.13613613613613612 1.7396007799700807e-09
0.13813813813813813 5.420027772308308e-09
0.14014014014014015 1.7396007799700832e-09
0.14214214214214213 5.420027772306716e-09
0.14414414414414414 1.7396007799687994e-09
0.14614614614614616 5.420027772309331e-09
0.14814814814814814 1.7396007799707979e-09
0.15015015015015015 5.4200277723085785e-09
0.15215215215215216 1.7396007799701634e-09
0.15415415415415415 5.420027772307054e-09
0.15615615615615616 1.739600779969156e-09
0.15815815815815815 5.420027772309824e-09
0.16016016016016016 1.7396007799714422e-09
0.16216216216216217 5.420027772308659e-09
0.16416416416416416 1.7396007799704149e-09
0.16616616616616617 5.420027772308716e-09
0.16816816816816815 1.7396007799703537e-09
0.17017017017017017 5.420027772309904e-09
0.17217217217217218 1.739600779971262e-09
0.17417417417417416 5.420027772309349e-09
0.17617617617617617 1.7396007799707143e-09
0.1781781781781782 5.420027772308372e-09
0.18018018018018017 1.7396007799700807e-09
0.18218218218218218 5.420027772308308e-09
0.1841841841841842 1.7396007799700832e-09
0.18618618618618618 5.420027772306716e-09
0.1881881881881882 1.7396007799687994e-09
0.19019019019019018 5.420027772309331e-09
0.1921921921921922 1.7396007799707979e-09
0.1941941941941942 5.4200277723085785e-09
0.1961961961961962 1.7396007799701634e-09
0.1981981981981982 5.420027772307054e-09
0.20020020020020018 1.739600779969156e-09
0.2022022022022022 5.420027772309824e-09
0.2042042042042042 1.7396007799714422e-09
0.2062062062062062 5.420027772308659e-09
0.2082082082082082 1.7396007799704149e-09
0.21021021021021022 5.420027772308716e-09
0.2122122122122122 1.7396007799703537e-09
0.21421421421421422 5.420027772309904e-09
0.21621621621621623 1.739600779971262e-09
0.2182182182182182 5.420027772309349e-09
0.22022022022022023 1.7396007799707143e-09
0.2222222222222222 5.420027772308372e-09
0.22422422422422422 1.7396007799700807e-09
0.22622622622622623 5.420027772308308e-09
0.22822822822822822 1.7396007799700832e-09
0.23023023023023023 5.420027772306716e-09
0.23223223223223222 1.7396007799687994e-09
0.23423423423423423 5.420027772309331e-09
0.23623623623623624 1.7396007799707979e-09
0.23823823823823823 5.4200277723085785e-09
0.24024024024024024 1.7396007799701634e-09
0.24224224224224225 5.420027772307054e-09
0.24424424424424424 1.739600779969156e-09
0.24624624624624625 5.420027772309824e-09
0.24824824824824826 1.7396007799714422e-09
0.2502502502502503 5.420027772308659e-09
0.25225225225225223 1.7396007799704149e-09
0.25425425425425424 5.420027772308716e-09
0.25625625625625625 1.7396007799703537e-09
0.25825825825825827 5.420027772309904e-09
0.2602602602602603 1.739600779971262e-09
0.26226226226226224 5.420027772309349e-09
0.26426426426426425 1.7396007799707143e-09
0.26626626626626626 5.420027772308372e-09
0.2682682682682683 1.7396007799700807e-09
0.2702702702702703 5.420027772308308e-09
0.27227227227227224 1.7396007799700832e-09
0.27427427427427425 5.420027772306716e-09
0.27627627627627627 1.7396007799687994e-09
0.2782782782782783 5.420027772309331e-09
0.2802802802802803 1.7396007799707979e-09
0.2822822822822823 5.4200277723085785e-09
0.28428428428428426 1.7396007799701634e-09
0.2862862862862863 5.420027772307054e-09
0.2882882882882883 1.739600779969156e-09
0.2902902902902903 5.420027772309824e-09
0.2922922922922923 1.7396007799714422e-09
0.29429429429429427 5.420027772308659e-09
0.2962962962962963 1.7396007799704149e-09
0.2982982982982983 5.420027772308716e-09
0.3003003003003003 1.7396007799703537e-09
0.3023023023023023 5.420027772309904e-09
0.30430430430430433 1.739600779971262e-09
0.3063063063063063 5.420027772309349e-09
0.3083083083083083 1.7396007799707143e-09
0.3103103103103103 5.420027772308372e-09
0.3123123123123123 1.7396007799700807e-09
0.31431431431431434 5.420027772308308e-09
0.3163163163163163 1.7396007799700832e-09
0.3183183183183183 5.420027772306716e-09
0.3203203203203203 1.7396007799687994e-09
0.32232232232232233 5.420027772309331e-09
0.32432432432432434 1.7396007799707979e-09
0.3263263263263263 5.4200277723085785e-09
0.3283283283283283 1.7396007799701634e-09
0.3303303303303303 5.420027772307054e-09
0.33233233233233234 1.739600779969156e-09
0.33433433433433435 5.420027772309824e-09
0.3363363363363363 1.7396007799714422e-09
0.3383383383383383 5.420027772308659e-09
0.34034034034034033 1.7396007799704149e-09
0.34234234234234234 5.420027772308716e-09
0.34434434434434436 1.7396007799703537e-09
0.34634634634634637 5.420027772309904e-09
0.3483483483483483 1.739600779971262e-09
0.35035035035035034 5.420027772309349e-09
0.35235235235235235 1.7396007799707143e-09
0.35435435435435436 5.420027772308372e-09
0.3563563563563564 1.7396007799700807e-09
0.35835835835835833 5.420027772308308e-09
0.36036036036036034 1.7396007799700832e-09
0.36236236236236236 5.420027772306716e-09
0.36436436436436437 1.7396007799687994e-09
0.3663663663663664 5.420027772309331e-09
0.3683683683683684 1.7396007799707979e-09
0.37037037037037035 5.4200277723085785e-09
0.37237237237237236 1.7396007799701634e-09
0.3743743743743744 5.420027772307054e-09
0.3763763763763764 1.739600779969156e-09
0.3783783783783784 5.420027772309824e-09
0.38038038038038036 1.7396007799714422e-09
0.38238238238238237 5.420027772308659e-09
0.3843843843843844 1.7396007799704149e-09
0.3863863863863864 5.420027772308716e-09
0.3883883883883884 1.7396007799703537e-09
0.39039039039039036 5.420027772309904e-09
0.3923923923923924 1.739600779971262e-09
0.3943943943943944 5.420027772309349e-09
0.3963963963963964 1.7396007799707143e-09
0.3983983983983984 5.420027772308372e-09
0.40040040040040037 1.7396007799700807e-09
0.4024024024024024 5.420027772308308e-09
0.4044044044044044 1.7396007799700832e-09
0.4064064064064064 5.420027772306716e-09
0.4084084084084084 1.7396007799687994e-09
0.41041041041041043 5.420027772309331e-09
0.4124124124124124 1.7396007799707979e-09
0.4144144144144144 5.4200277723085785e-09
0.4164164164164164 1.7396007799701634e-09
0.4184184184184184 5.420027772307054e-09
0.42042042042042044 1.739600779969156e-09
0.4224224224224224 5.420027772309824e-09
0.4244244244244244 1.7396007799714422e-09
0.4264264264264264 5.420027772308659e-09
0.42842842842842843 1.7396007799704149e-09
0.43043043043043044 5.420027772308716e-09
0.43243243243243246 1.7396007799703537e-09
0.4344344344344344 5.420027772309904e-09
0.4364364364364364 1.739600779971262e-09
0.43843843843843844 5.420027772309349e-09
0.44044044044044045 1.7396007799707143e-09
0.44244244244244246 5.420027772308372e-09
0.4444444444444444 1.7396007799700807e-09
0.44644644644644643 5.420027772308308e-09
0.44844844844844844 1.7396007799700832e-09
0.45045045045045046 5.420027772306716e-09
0.45245245245245247 1.7396007799687994e-09
0.4544544544544544 5.420027772309331e-09
0.45645645645645644 1.7396007799707979e-09
0.45845845845845845 5.4200277723085785e-09
0.46046046046046046 1.7396007799701634e-09
0.4624624624624625 5.420027772307054e-09
0.46446446446446443 1.739600779969156e-09
0.46646646646646645 5.420027772309824e-09
0.46846846846846846 1.7396007799714422e-09
0.47047047047047047 5.420027772308659e-09
0.4724724724724725 1.7396007799704149e-09
0.4744744744744745 5.420027772308716e-09
0.47647647647647645 1.7396007799703537e-09
0.47847847847847846 5.420027772309904e-09
0.4804804804804805 1.739600779971262e-09
0.4824824824824825 5.420027772309349e-09
0.4844844844844845 1.7396007799707143e-09
0.48648648648648646 5.420027772308372e-09
0.48848848848848847 1.7396007799700807e-09
0.4904904904904905 5.420027772308308e-09
0.4924924924924925 1.7396007799700832e-09
0.4944944944944945 5.420027772306716e-09
0.4964964964964965 1.7396007799687994e-09
0.4984984984984985 5.420027772309331e-09
0.5005005005005005 1.7396007799707979e-09
0.5025025025025025 5.4200277723085785e-09
0.5045045045045045 1.7396007799701634e-09
0.5065065065065065 5.420027772307054e-09
0.5085085085085085 1.739600779969156e-09
0.5105105105105106 5.420027772309824e-09
0.5125125125125125 1.7396007799714422e-09
0.5145145145145145 5.420027772308659e-09
0.5165165165165165 1.7396007799704149e-09
0.5185185185185185 5.420027772308716e-09
0.5205205205205206 1.7396007799703537e-09
0.5225225225225225 5.420027772309904e-09
0.5245245245245245 1.739600779971262e-09
0.5265265265265265 5.420027772309349e-09
0.5285285285285285 1.7396007799707143e-09
0.5305305305305306 5.420027772308372e-09
0.5325325325325325 1.7396007799700807e-09
0.5345345345345345 5.420027772308308e-09
0.5365365365365365 1.7396007799700832e-09
0.5385385385385385 5.420027772306716e-09
0.5405405405405406 1.7396007799687994e-09
0.5425425425425425 5.420027772309331e-09
0.5445445445445445 1.7396007799707979e-09
0.5465465465465466 5.4200277723085785e-09
0.5485485485485485 1.7396007799701634e-09
0.5505505505505506 5.420027772307054e-09
0.5525525525525525 1.739600779969156e-09
0.5545545545545546 5.420027772309824e-09
0.5565565565565566 1.7396007799714422e-09
0.5585585585585585 5.420027772308659e-09
0.5605605605605606 1.7396007799704149e-09
0.5625625625625625 5.420027772308716e-09
0.5645645645645646 1.7396007799703537e-09
0.5665665665665666 5.420027772309904e-09
0.5685685685685685 1.739600779971262e-09
0.5705705705705706 5.420027772309349e-09
0.5725725725725725 1.7396007799707143e-09
0.5745745745745746 5.420027772308372e-09
0.5765765765765766 1.7396007799700807e-09
0.5785785785785785 5.420027772308308e-09
0.5805805805805806 1.7396007799700832e-09
0.5825825825825826 5.420027772306716e-09
0.5845845845845846 1.7396007799687994e-09
0.5865865865865866 5.420027772309331e-09
0.5885885885885885 1.7396007799707979e-09
0.5905905905905906 5.4200277723085785e-09
0.5925925925925926 1.7396007799701634e-09
0.5945945945945946 5.420027772307054e-09
0.5965965965965966 1.739600779969156e-09
0.5985985985985985 5.420027772309824e-09
0.6006006006006006 1.7396007799714422e-09
0.6026026026026026 5.420027772308659e-09
0.6046046046046046 1.7396007799704149e-09
0.6066066066066066 5.420027772308716e-09
0.6086086086086087 1.7396007799703537e-09
0.6106106106106106 5.420027772309904e-09
0.6126126126126126 1.739600779971262e-09
0.6146146146146146 5.420027772309349e-09
0.6166166166166166 1.7396007799707143e-09
0.6186186186186187 5.420027772308372e-09
0.6206206206206206 1.7396007799700807e-09
0.6226226226226226 5.420027772308308e-09
0.6246246246246246 1.7396007799700832e-09
0.6266266266266266 5.420027772306716e-09
0.6286286286286287 1.7396007799687994e-09
0.6306306306306306 5.420027772309331e-09
0.6326326326326326 1.7396007799707979e-09
0.6346346346346347 5.4200277723085785e-09
0.6366366366366366 1.7396007799701634e-09
0.6386386386386387 5.420027772307054e-09
0.6406406406406406 1.739600779969156e-09
0.6426426426426426 5.420027772309824e-09
0.6446446446446447 1.7396007799714422e-09
0.6466466466466466 5.420027772308659e-09
0.6486486486486487 1.7396007799704149e-09
0.6506506506506506 5.420027772308716e-09
0.6526526526526526 1.7396007799703537e-09
0.6546546546546547 5.420027772309904e-09
0.6566566566566566 1.739600779971262e-09
0.6586586586586587 5.420027772309349e-09
0.6606606606606606 1.7396007799707143e-09
0.6626626626626626 5.420027772308372e-09
0.6646646646646647 1.7396007799700807e-09
0.6666666666666666 5.420027772308308e-09
0.6686686686686687 1.7396007799700832e-09
0.6706706706706707 5.420027772306716e-09
0.6726726726726726 1.7396007799687994e-09
0.6746746746746747 5.420027772309331e-09
0.6766766766766766 3.334886606626388e-24
0.6786786786786787 2.1334333970992812e-54
0.6806806806806807 1.0128788606278557e-101
0.6826826826826827 1.179879595019561e-159
0.6846846846846847 1.1127157561990778e-224
0.6866866866866866 4.617566298943703e-292
0.6886886886886887 1e-323
0.6906906906906907 1e-323
0.6926926926926927 1e-323
0.6946946946946947 1e-323
0.6966966966966966 1e-323
0.6986986986986987 1e-323
0.7007007007007007 1e-323
0.7027027027027027 1e-323
0.7047047047047047 1e-323
0.7067067067067067 1e-323
0.7087087087087087 1e-323
0.7107107107107107 1e-323
0.7127127127127127 1e-323
0.7147147147147147 1e-323
0.7167167167167167 1e-323
0.7187187187187187 1e-323
0.7207207207207207 1e-323
0.7227227227227228 1e-323
0.7247247247247247 1e-323
0.7267267267267267 1e-323
0.7287287287287287 1e-323
0.7307307307307307 1e-323
0.7327327327327328 1e-323
0.7347347347347347 1e-323
0.7367367367367368 1e-323
0.7387387387387387 1.2325851768324177e-213
0.7407407407407407 2.935279720505971e-98
0.7427427427427428 0.6696459548308789
0.7447447447447447 0.6676757735510479
0.7467467467467468 0.6619523892757291
0.7487487487487487 0.6518116740808436
0.7507507507507507 0.6475882481127951
0.7527527527527528 0.6433918616945333
0.7547547547547547 0.6392222543067018
0.7567567567567568 0.6350791671432381
0.7587587587587588 0.6309623567852471
0.7607607607607607 0.6268715808581724
0.7627627627627628 0.622806581515967
0.7647647647647647 0.6187671099400224
0.7667667667667668 0.614752946410905
0.7687687687687688 0.610763833677962
0.7707707707707707 0.6067995491249254
0.7727727727727728 0.6028598525175285
0.7747747747747747 0.5989445119711542
0.7767767767767768 0.5950533440664769
0.7787787787787788 0.591186075099169
0.7807807807807807 0.5873425078608235
0.7827827827827828 0.5835224172990057
0.7847847847847848 0.5797255899735549
0.7867867867867868 0.5759518258581142
0.7887887887887888 0.5722009044354105
0.7907907907907907 0.5684726214193166
0.7927927927927928 0.5647667727420481
0.7947947947947948 0.5610831534236814
0.7967967967967968 0.5574215616135497
0.7987987987987988 0.5537818091603042
0.8008008008008007 0.5501637120975211
0.8028028028028028 0.5465670496207841
0.8048048048048048 0.5429916463851662
0.8068068068068068 0.5394373163360655
0.8088088088088088 0.535903873168387
0.8108108108108109 0.532391121615877
0.8128128128128128 0.5288989011188299
0.8148148148148148 0.5254270182251956
0.8168168168168168 0.5219752897825967
0.8188188188188188 0.5185435624503761
0.8208208208208209 0.5151316431399967
0.8228228228228228 0.5117393492909361
0.8248248248248248 0.5083665646246548
0.8268268268268268 0.5050130754722474
0.8288288288288288 0.5016787261474595
0.8308308308308309 0.498363355618685
0.8328328328328328 0.49506678644516083
0.8348348348348348 0.49178890232750283
0.8368368368368369 0.4885295010814547
0.8388388388388388 0.4852884534267383
0.8408408408408409 0.4820655854651012
0.8428428428428428 0.47886075935778777
0.8448448448448448 0.4756738147593885
0.8468468468468469 0.47250460257513177
0.8488488488488488 0.4693529890021414
0.8508508508508509 0.4662188097360813
0.8528528528528528 0.4631019327231511
0.8548548548548548 0.4600022089323872
0.8568568568568569 0.45691949919818775
0.8588588588588588 0.4538536641872152
0.8608608608608609 0.4508045623446868
0.8628628628628628 0.4477720642333136
0.8648648648648649 0.44475602283770577
0.8668668668668669 0.4417563209488665
0.8688688688688688 0.43877280048904094
0.8708708708708709 0.4358053727920774
0.8728728728728729 0.4328538661924632
0.8748748748748749 0.4299181745558686
0.8768768768768769 0.426998163759129
0.8788788788788788 0.4240937049440518
0.8808808808808809 0.42120469697390545
0.8828828828828829 0.41833098076630515
0.8848848848848849 0.4154724689979621
0.8868868868868869 0.41262902032876086
0.8888888888888888 0.4098005096649599
0.8908908908908909 0.4069868571836866
0.8928928928928929 0.4041879136721508
0.8948948948948949 0.40140355456555493
0.8968968968968969 0.39863370637131246
0.8988988988988988 0.39587822566569625
0.9009009009009009 0.39313700538614804
0.9029029029029029 0.3904099301133104
0.9049049049049049 0.3876969123157007
0.9069069069069069 0.38499782490240514
0.9089089089089089 0.38231256156371773
0.9109109109109109 0.37964101855243215
0.9129129129129129 0.3769831024607324
0.914914914914915 0.3743386942197472
0.9169169169169169 0.371707687911751
0.9189189189189189 0.3690899993886999
0.9209209209209209 0.36648552475692037
0.9229229229229229 0.363894154385719
0.924924924924925 0.36131579252042706
0.9269269269269269 0.3587503368405801
0.9289289289289289 0.35619770468902917
0.9309309309309309 0.3536577851089698
0.9329329329329329 0.3511304965077663
0.934934934934935 0.3486157372025121
0.9369369369369369 0.3461134116167895
0.938938938938939 0.3436234363845627
0.9409409409409409 0.34114571255297155
0.9429429429429429 0.33868015333628954
0.944944944944945 0.3362266679994011
0.9469469469469469 0.33378517256922147
0.948948948948949 0.3313555745208698
0.950950950950951 0.32893778830159315
0.9529529529529529 0.32653172446865547
0.954954954954955 0.32413730232834237
0.9569569569569569 0.3217544446781136
0.958958958958959 0.31938305610909207
0.960960960960961 0.31702305552133353
0.9629629629629629 0.31467436687859074
0.964964964964965 0.31233690127202957
0.9669669669669669 0.3100105890920801
0.968968968968969 0.30769534114338204
0.970970970970971 0.3053910835656143
0.9729729729729729 0.3030977322094513
0.974974974974975 0.30081521746579093
0.9769769769769769 0.2985434637646987
0.978978978978979 0.29628238900788084
0.980980980980981 0.29403191807570717
0.9829829829829829 0.2917919802932251
0.984984984984985 0.2895625012224996
0.986986986986987 0.2873434021319049
0.988988988988989 0.28513462109986926
0.990990990990991 0.28293608001425785
0.992992992992993 0.2807477038525178
0.994994994994995 0.2785694291834923
0.996996996996997 0.2764011884127503
0.998998998998999 0.27424290145740204
1.001001001001001 0.2720945100348326
1.003003003003003 0.26995594343957735
1.005005005005005 0.2678271276095974
1.007007007007007 0.2657080086941051
1.009009009009009 0.26359851257111877
1.011011011011011 0.26149857268791016
1.013013013013013 0.25940812957121107
1.015015015015015 0.2573271123906002
1.017017017017017 0.2552554645403199
1.019019019019019 0.25319311892093804
1.021021021021021 0.25114001291138266
1.023023023023023 0.24909608603511618
1.025025025025025 0.24706127086196258
1.027027027027027 0.24503552084884503
1.029029029029029 0.24301875968138165
1.031031031031031 0.2410109405190142
1.033033033033033 0.23901199452642133
1.035035035035035 0.23702186671656453
1.037037037037037 0.23504049973098037
1.039039039039039 0.2330678340123576
1.0410410410410411 0.23110381364592497
1.043043043043043 0.22914838021377565
1.045045045045045 0.22720147991328135
1.047047047047047 0.22526305204956273
1.049049049049049 0.22333305266258566
1.0510510510510511 0.22141141468555348
1.053053053053053 0.21949809115327634
1.055055055055055 0.21759302397215116
1.057057057057057 0.2156961625359934
1.059059059059059 0.21380745202731058
1.0610610610610611 0.21192684161400688
1.063063063063063 0.21005427877536856
1.065065065065065 0.20818971161283545
1.067067067067067 0.20633308925976507
1.069069069069069 0.2044843611301332
1.0710710710710711 0.20264347809966202
1.073073073073073 0.20081038575938792
1.075075075075075 0.19898504321303148
1.077077077077077 0.1971673929828381
1.079079079079079 0.19535739164106078
1.0810810810810811 0.1935549878348161
1.083083083083083 0.19176013661931923
1.085085085085085 0.18997278574119278
1.087087087087087 0.18819289756281854
1.089089089089089 0.18642041688792396
1.0910910910910911 0.18465529989259646
1.093093093093093 0.1828975025189829
1.095095095095095 0.1811469775520972
1.097097097097097 0.17940368126046474
1.0990990990990992 0.17766756692775848
1.1011011011011012 0.17593859261514858
1.103103103103103 0.1742167129998229
1.105105105105105 0.172501884022579
1.107107107107107 0.17079406463042873
1.1091091091091092 0.1690932094050853
1.1111111111111112 0.1673992781964967
1.1131131131131131 0.16571222667635047
1.115115115115115 0.16403201392907052
1.117117117117117 0.16235859925742957
1.1191191191191192 0.16069193952793107
1.1211211211211212 0.15903199651551542
1.1231231231231231 0.15737872660914337
1.125125125125125 0.15573209287680856
1.127127127127127 0.15409205370435602
1.1291291291291292 0.15245856719645348
1.1311311311311312 0.15083160106535656
1.1331331331331331 0.14921110941525564
1.135135135135135 0.14759705636351392
1.137137137137137 0.1459894045013967
1.1391391391391392 0.14438811375761584
1.1411411411411412 0.14279314805872617
1.1431431431431431 0.14120446925128902
1.145145145145145 0.13962203997414876
1.147147147147147 0.1380458247212587
1.1491491491491492 0.13647578535506344
1.1511511511511512 0.13491188758683545
1.1531531531531531 0.13335409371427434
1.155155155155155 0.1318023676400353
1.157157157157157 0.1302566768341621
1.1591591591591592 0.12871698211043928
1.1611611611611612 0.12718325311483847
1.1631631631631631 0.12565545216711688
1.165165165165165 0.12413354447010617
1.167167167167167 0.12261749947114496
1.1691691691691692 0.12110728021631909
1.1711711711711712 0.11960285363623582
1.1731731731731732 0.11810418777841283
1.1751751751751751 0.11661124830203996
1.177177177177177 0.11512400345979695
1.1791791791791792 0.11364242016911476
1.1811811811811812 0.11216646550658388
1.1831831831831832 0.11069610914891077
1.1851851851851851 0.1092313173342835
1.187187187187187 0.10777206021321266
1.1891891891891893 0.10631830628949866
1.1911911911911912 0.10487002339056983
1.1931931931931932 0.10342718112650554
1.1951951951951951 0.1019897496765718
1.197197197197197 0.1005576965288578
1.1991991991991993 0.0991309953773817
1.2012012012012012 0.09770961289985698
1.2032032032032032 0.09629352032598232
1.2052052052052051 0.09488268880201717
1.207207207207207 0.09347708839939704
1.2092092092092093 0.09207668989108962
1.2112112112112112 0.09068146542746243
1.2132132132132132 0.08929138542803128
1.2152152152152151 0.08790642224399245
1.2172172172172173 0.08652654722412602
1.2192192192192193 0.08515173215216923
1.2212212212212212 0.0837819499929455
1.2232232232232232 0.08241717239157423
1.2252252252252251 0.08105737201173946
1.2272272272272273 0.07970252287762225
1.2292292292292293 0.0783525963095614
1.2312312312312312 0.07700756677879728
1.2332332332332332 0.07566740730353771
1.2352352352352352 0.07433209084891192
1.2372372372372373 0.0730015922504364
1.2392392392392393 0.07167588480310232
1.2412412412412412 0.07035494275124556
1.2432432432432432 0.06903874071067861
1.2452452452452452 0.06772725307385676
1.2472472472472473 0.06642045432622783
1.2492492492492493 0.06511831990439929
1.2512512512512513 0.06382082370366038
1.2532532532532532 0.0625279431344143
1.2552552552552552 0.06123965156287968
1.2572572572572573 0.05995592524870277
1.2592592592592593 0.05867674069334514
1.2612612612612613 0.057402072807137994
1.2632632632632632 0.0561318980387378
1.2652652652652652 0.05486619300218733
1.2672672672672673 0.05360493363473195
1.2692692692692693 0.052348096972188105
1.2712712712712713 0.05109565965554269
1.2732732732732732 0.0498475982733141
1.2752752752752752 0.0486038908136128
1.2772772772772774 0.047364513684886325
1.2792792792792793 0.04612944454660548
1.2812812812812813 0.04489866125001156
1.2832832832832832 0.04367214081707779
1.2852852852852852 0.04244986238942391
1.2872872872872874 0.041231802859098304
1.2892892892892893 0.04001794076511017
1.2912912912912913 0.03880825467043873
1.2932932932932932 0.03760272266679026
1.2952952952952952 0.03640132374998423
1.2972972972972974 0.035204036587244976
1.2992992992992993 0.0340108398020457
1.3013013013013013 0.032821713150414177
1.3033033033033032 0.031636635204024016
1.3053053053053052 0.03045558560497629
1.3073073073073074 0.02927854385766919
1.3093093093093093 0.02810548938607587
1.3113113113113113 0.026936402274769428
1.3133133133133132 0.025771262074254033
1.3153153153153152 0.024610049192477817
1.3173173173173174 0.023452743669336643
1.3193193193193193 0.022299325472098785
1.3213213213213213 0.021149775812208314
1.3233233233233233 0.020004074615007097
1.3253253253253252 0.01886220270626666
1.3273273273273274 0.017724141127816596
1.3293293293293293 0.016589870517318906
1.3313313313313313 0.015459372382580173
1.3333333333333333 0.014332627580209471
1.3353353353353352 0.013209617619947234
1.3373373373373374 0.012090324084271145
1.3393393393393394 0.010974728793357029
1.3413413413413413 0.009862814905063832
1.3433433433433433 0.008754569688632897
1.3453453453453452 0.007649997189608491
1.3473473473473474 0.006549166173021142
1.3493493493493494 0.0054523977839958685
1.3513513513513513 0.004360973626428336
1.3533533533533533 0.0032797001616149527
1.3553553553553555 0.0022254549808676787
1.3573573573573574 0.00125101232941054
1.3593593593593594 0.0004852818645470033
1.3613613613613613 9.170610147830294e-05
1.3633633633633633 5.545963254478518e-06
1.3653653653653655 8.647110147132474e-08
1.3673673673673674 3.355462402384612e-10
1.3693693693693694 3.2375910969907776e-13
1.3713713713713713 7.772072977423787e-17
1.3733733733733733 4.644116611630847e-21
1.3753753753753755 6.909809864797751e-26
1.3773773773773774 2.5604077544822265e-31
1.3793793793793794 2.362937398619878e-37
1.3813813813813813 5.430635510936281e-44
1.3833833833833833 3.1073749917677136e-51
1.3853853853853855 4.424894398050805e-59
1.3873873873873874 1.5672236384449027e-67
1.3893893893893894 1.3796208698330367e-76
1.3913913913913913 3.0157742015420278e-86
1.3933933933933933 1.6352481436267178e-96
1.3953953953953955 2.196715885436526e-107
1.3973973973973974 7.300478480688081e-119
1.3993993993993994 5.992637964844807e-131
1.4014014014014013 1.2128142073777367e-143
1.4034034034034033 6.039712614889779e-157
1.4054054054054055 7.384719708561783e-171
1.4074074074074074 2.211611544869046e-185
1.4094094094094094 1.6181209546729767e-200
1.4114114114114114 2.8841436585143378e-216
1.4134134134134133 1.2485517850527142e-232
1.4154154154154155 1.30846052480389e-249
1.4174174174174174 3.307937726072235e-267
1.4194194194194194 2.0098763780385168e-285
1.4214214214214214 2.9232129802430856e-304
1.4234234234234233 6.4e-323
1.4254254254254255 5.4e-323
1.4274274274274275 5.4e-323
1.4294294294294294 5.4e-323
1.4314314314314314 5e-323
1.4334334334334333 5e-323
1.4354354354354355 5e-323
1.4374374374374375 5e-323
1.4394394394394394 4.4e-323
1.4414414414414414 4.4e-323
1.4434434434434433 4.4e-323
1.4454454454454455 4.4e-323
1.4474474474474475 4.4e-323
1.4494494494494494 4e-323
1.4514514514514514 4e-323
1.4534534534534533 4e-323
1.4554554554554555 4e-323
1.4574574574574575 4e-323
1.4594594594594594 3.5e-323
1.4614614614614614 3.5e-323
1.4634634634634633 3.5e-323
1.4654654654654655 3.5e-323
1.4674674674674675 3.5e-323
1.4694694694694694 3.5e-323
1.4714714714714714 3.5e-323
1.4734734734734736 3.5e-323
1.4754754754754755 3e-323
1.4774774774774775 3e-323
1.4794794794794794 3e-323
1.4814814814814814 3e-323
1.4834834834834836 3e-323
1.4854854854854855 3e-323
1.4874874874874875 3e-323
1.4894894894894894 3e-323
1.4914914914914914 3e-323
1.4934934934934936 2.5e-323
1.4954954954954955 2.5e-323
1.4974974974974975 2.5e-323
1.4994994994994995 2.5e-323
1.5015015015015014 2.5e-323
1.5035035035035036 2.5e-323
1.5055055055055055 2.5e-323
1.5075075075075075 2.5e-323
1.5095095095095095 2.5e-323
1.5115115115115114 2.5e-323
1.5135135135135136 2.5e-323
1.5155155155155156 2.5e-323
1.5175175175175175 2e-323
1.5195195195195195 3e-323
1.5215215215215214 3e-323
1.5235235235235236 2.5e-323
1.5255255255255256 2.5e-323
1.5275275275275275 3e-323
1.5295295295295295 2.5e-323
1.5315315315315314 2.5e-323
1.5335335335335336 -1.5e-323
1.5355355355355356 8.13432087423465e-68
1.5375375375375375 4.2914397882590433e-134
1.5395395395395395 1.2147270459917105e-201
1.5415415415415414 4.023034623796028e-270
1.5435435435435436 1e-323
1.5455455455455456 1e-323
1.5475475475475475 1e-323
1.5495495495495495 1e-323
1.5515515515515514 1e-323
1.5535535535535536 1e-323
1.5555555555555556 1e-323
1.5575575575575575 1e-323
1.5595595595595595 -5e-324
1.5615615615615615 1.3915417066814485e-09
1.5635635635635636 1.0586006188282432e-08
1.5655655655655656 4.59908795049937e-09
1.5675675675675675 2.5187628781306546e-09
1.5695695695695695 4.125908604180453e-09
1.5715715715715715 1.4822960880548491e-09
1.5735735735735736 1.0653787697957078e-08
1.5755755755755756 4.0505269157422545e-09
1.5775775775775776 1.6396110797038236e-09
1.5795795795795795 1.0511444027636002e-08
1.5815815815815815 4.541956635829698e-09
1.5835835835835836 2.540024952438936e-09
1.5855855855855856 4.111407082154677e-09
1.5875875875875876 1.484870436985341e-09
1.5895895895895895 1.0642581291205585e-08
1.5915915915915915 4.044724862367219e-09
1.5935935935935936 1.640774257258091e-09
1.5955955955955956 1.0506188306428428e-08
1.5975975975975976 4.537917322798268e-09
1.5995995995995995 2.5407980503693266e-09
1.6016016016016015 4.11087600860911e-09
1.6036036036036037 1.484965147567999e-09
1.6056056056056056 1.0642168953027976e-08
1.6076076076076076 4.0445113572996155e-09
1.6096096096096095 1.6408171191476993e-09
1.6116116116116117 1.0505994669856614e-08
1.6136136136136137 4.537768471861808e-09
1.6156156156156156 2.5408265362224544e-09
1.6176176176176176 4.110856435514055e-09
1.6196196196196195 1.4849686387809234e-09
1.6216216216216217 1.0642153753385546e-08
1.6236236236236237 4.0445034870325225e-09
1.6256256256256256 1.6408186992114286e-09
1.6276276276276276 1.0505987531668806e-08
1.6296296296296295 4.537762984602668e-09
1.6316316316316317 2.5408275863244387e-09
1.6336336336336337 4.110855713963684e-09
1.6356356356356356 1.4849687674830145e-09
1.6376376376376376 1.0642153193055231e-08
1.6396396396396395 4.0445031968973965e-09
1.6416416416416417 1.6408187574602391e-09
1.6436436436436437 1.0505987268517763e-08
1.6456456456456456 4.5377627823134304e-09
1.6476476476476476 2.5408276250361208e-09
1.6496496496496496 4.1108556873649426e-09
1.6516516516516517 1.4849687722273329e-09
1.6536536536536537 1.0642153172400409e-08
1.6556556556556556 4.044503186202828e-09
1.6576576576576576 1.6408187596073187e-09
1.6596596596596596 1.0505987258815335e-08
1.6616616616616617 4.537762774855305e-09
1.6636636636636637 2.5408276264636856e-09
1.6656656656656657 4.110855686383375e-09
1.6676676676676676 1.4849687724025802e-09
1.6696696696696696 1.0642153171640097e-08
1.6716716716716717 4.04450318580833e-09
1.6736736736736737 1.64081875968658e-09
1.6756756756756757 1.0505987258459033e-08
1.6776776776776776 4.537762774581485e-09
1.6796796796796796 2.5408276265167443e-09
1.6816816816816818 4.110855686347141e-09
1.6836836836836837 1.4849687724090272e-09
1.6856856856856857 1.0642153171610888e-08
1.6876876876876876 4.044503185795068e-09
1.6896896896896896 1.6408187596892262e-09
1.6916916916916918 1.0505987258450892e-08
1.6936936936936937 4.5377627745745495e-09
1.6956956956956957 2.5408276265176095e-09
1.6976976976976976 4.110855686345962e-09
1.6996996996996996 1.4849687724092506e-09
1.7017017017017018 1.06421531716106e-08
1.7037037037037037 4.044503185794556e-09
1.7057057057057057 1.6408187596893287e-09
1.7077077077077076 1.0505987258450174e-08
1.7097097097097096 4.537762774575241e-09
1.7117117117117118 2.5408276265181803e-09
1.7137137137137137 4.1108556863465286e-09
1.7157157157157157 1.4849687724091182e-09
1.7177177177177176 1.0642153171610378e-08
1.7197197197197196 4.044503185793648e-09
1.7217217217217218 1.6408187596895182e-09
1.7237237237237237 1.0505987258448444e-08
1.7257257257257257 4.537762774573289e-09
1.7277277277277276 2.5408276265179255e-09
1.7297297297297298 4.110855686346655e-09
1.7317317317317318 1.4849687724091505e-09
1.7337337337337337 1.0642153171610193e-08
1.7357357357357357 4.044503185793695e-09
1.7377377377377377 1.6408187596895016e-09
1.7397397397397398 1.050598725845045e-08
1.7417417417417418 4.537762774574663e-09
1.7437437437437437 2.540827626517477e-09
1.7457457457457457 4.11085568634624e-09
1.7477477477477477 1.4849687724091786e-09
1.7497497497497498 1.064215317161547e-08
1.7517517517517518 4.044503185795535e-09
1.7537537537537538 1.6408187596891426e-09
1.7557557557557557 1.0505987258454375e-08
1.7577577577577577 4.537762774577303e-09
1.7597597597597598 2.540827626516574e-09
1.7617617617617618 4.110855686346985e-09
1.7637637637637638 1.4849687724088155e-09
1.7657657657657657 1.0642153171613067e-08
1.7677677677677677 4.0445031857961455e-09
1.7697697697697699 1.640818759689035e-09
1.7717717717717718 1.0505987258450472e-08
1.7737737737737738 4.5377627745750135e-09
1.7757757757757757 2.5408276265174275e-09
1.7777777777777777 4.110855686346317e-09
1.7797797797797799 1.4849687724090504e-09
1.7817817817817818 1.0642153171614054e-08
1.7837837837837838 4.044503185795953e-09
1.7857857857857857 1.6408187596890847e-09
1.7877877877877877 1.0505987258450234e-08
1.7897897897897899 4.537762774574694e-09
1.7917917917917918 2.540827626517034e-09
1.7937937937937938 4.110855686346997e-09
1.7957957957957957 1.4849687724090893e-09
1.7977977977977977 1.0642153171610378e-08
1.7997997997997999 4.044503185793648e-09
1.8018018018018018 1.6408187596895182e-09
1.8038038038038038 1.0505987258448444e-08
1.8058058058058057 4.537762774573289e-09
1.8078078078078077 2.5408276265179255e-09
1.8098098098098099 4.110855686346655e-09
1.8118118118118118 1.4849687724091505e-09
1.8138138138138138 1.0642153171610193e-08
1.8158158158158157 4.044503185793695e-09
1.8178178178178177 1.6408187596895016e-09
1.8198198198198199 1.050598725845045e-08
1.8218218218218218 4.537762774574663e-09
1.8238238238238238 2.540827626517477e-09
1.8258258258258258 4.11085568634624e-09
1.8278278278278277 1.4849687724091786e-09
1.82982982982983 1.064215317161547e-08
1.8318318318318318 4.044503185795535e-09
1.8338338338338338 1.6408187596891426e-09
1.8358358358358358 1.0505987258454375e-08
1.8378378378378377 4.537762774577303e-09
1.83983983983984 2.540827626516574e-09
1.8418418418418419 4.110855686346985e-09
1.8438438438438438 1.4849687724088155e-09
1.8458458458458458 1.0642153171613067e-08
1.8478478478478477 4.0445031857961455e-09
1.84984984984985 1.640818759689035e-09
1.8518518518518519 1.0505987258450472e-08
1.8538538538538538 4.5377627745750135e-09
1.8558558558558558 2.5408276265174275e-09
1.8578578578578577 4.110855686346317e-09
1.85985985985986 1.4849687724090504e-09
1.8618618618618619 1.0642153171614054e-08
1.8638638638638638 4.044503185795953e-09
1.8658658658658658 1.6408187596890847e-09
1.867867867867868 1.0505987258450234e-08
1.86986986986987 4.537762774574694e-09
1.8718718718718719 2.540827626517034e-09
1.8738738738738738 4.110855686346997e-09
1.8758758758758758 1.4849687724090893e-09
1.877877877877878 1.0642153171610378e-08
1.87987987987988 4.044503185793648e-09
1.8818818818818819 1.6408187596895182e-09
1.8838838838838838 1.0505987258448444e-08
1.8858858858858858 4.537762774573289e-09
1.887887887887888 2.5408276265179255e-09
1.88988988988989 4.110855686346655e-09
1.8918918918918919 1.4849687724091505e-09
1.8938938938938938 1.0642153171610193e-08
1.8958958958958958 4.044503185793695e-09
1.897897897897898 1.6408187596895016e-09
1.8998998998999 1.050598725845045e-08
1.901901901901902 4.537762774574663e-09
1.9039039039039038 2.540827626517477e-09
1.9059059059059058 4.11085568634624e-09
1.907907907907908 1.4849687724091786e-09
1.90990990990991 1.064215317161547e-08
1.911911911911912 4.044503185795535e-09
1.9139139139139139 1.6408187596891426e-09
1.9159159159159158 1.0505987258454375e-08
1.917917917917918 4.537762774577303e-09
1.91991991991992 2.540827626516574e-09
1.921921921921922 4.110855686346985e-09
1.9239239239239239 1.4849687724088155e-09
1.9259259259259258 1.0642153171613067e-08
1.927927927927928 4.0445031857961455e-09
1.92992992992993 1.640818759689035e-09
1.931931931931932 1.0505987258450472e-08
1.9339339339339339 4.5377627745750135e-09
1.9359359359359358 2.5408276265174275e-09
1.937937937937938 4.110855686346317e-09
1.93993993993994 1.4849687724090504e-09
1.941941941941942 1.0642153171614054e-08
1.9439439439439439 4.044503185795953e-09
1.9459459459459458 1.6408187596890847e-09
1.947947947947948 1.0505987258450234e-08
1.94994994994995 4.537762774574694e-09
1.951951951951952 2.540827626517034e-09
1.9539539539539539 4.110855686346997e-09
1.9559559559559558 1.4849687724090893e-09
1.957957957957958 1.0642153171610378e-08
1.95995995995996 4.044503185793648e-09
1.961961961961962 1.6408187596895182e-09
1.9639639639639639 1.0505987258448444e-08
1.9659659659659658 4.537762774573289e-09
1.967967967967968 2.5408276265179255e-09
1.96996996996997 4.110855686346655e-09
1.971971971971972 1.4849687724091505e-09
1.973973973973974 1.0642153171610193e-08
1.9759759759759759 4.044503185793695e-09
1.977977977977978 1.6408187596895016e-09
1.97997997997998 1.050598725845045e-08
1.981981981981982 4.537762774574663e-09
1.983983983983984 2.540827626517477e-09
1.985985985985986 4.11085568634624e-09
1.987987987987988 1.4849687724091786e-09
1.98998998998999 1.064215317161547e-08
1.991991991991992 4.044503185795535e-09
1.993993993993994 1.6408187596891426e-09
1.995995995995996 1.0505987258454375e-08
1.997997997997998 4.537762774577303e-09
2.0 2.540827626516574e-09
