0.0 -273.15
0.002002002002002002 -209.71846848846317
0.004004004004004004 -197.71677136188322
0.006006006006006006 -189.66940977588925
0.008008008008008008 -183.44426779592447
0.01001001001001001 -178.29773666322797
0.012012012012012012 -173.87428807627077
0.014014014014014014 -169.97375757073968
0.016016016016016016 -166.47130500638468
0.018018018018018018 -163.28336462011197
0.02002002002002002 -160.3510134924104
0.022022022022022022 -157.63101387788407
0.024024024024024024 -155.09061703334072
0.026026026026026026 -152.70437339178514
0.028028028028028028 -150.45207832404907
0.03003003003003003 -148.31740115274786
0.03203203203203203 -146.2869368943875
0.03403403403403403 -144.3495359834501
0.036036036036036036 -142.49581541982207
0.03803803803803804 -140.71779884739323
0.04004004004004004 -139.0086426800785
0.04204204204204204 -137.36242858476416
0.044044044044044044 -135.77399969630048
0.04604604604604605 -134.23883414630544
0.04804804804804805 -132.75294178321772
0.050050050050050046 -131.31278362328368
0.05205205205205205 -129.9152037733593
0.05405405405405406 -128.55737628600247
0.056056056056056056 -127.23675854691254
0.058058058058058054 -125.95105520464088
0.06006006006006006 -124.69818516998251
0.062062062062062065 -123.47625658032945
0.06406406406406406 -122.28354272376643
0.06606606606606606 -121.11846436206363
0.06806806806806806 -119.97957167621212
0.07007007007007007 -118.86553163242041
0.07207207207207207 -117.7751140923736
0.07407407407407407 -116.70718271919534
0.07607607607607608 -115.66068403138374
0.07807807807807808 -114.63464084714917
0.08008008008008008 -113.62814345902703
0.08208208208208208 -112.64034493343235
0.08408408408408408 -111.67045383900063
0.08608608608608609 -110.71773092561432
0.08808808808808809 -109.78148300822454
0.09009009009009009 -108.86106068780819
0.0920920920920921 -107.95585310598582
0.0940940940940941 -107.06528646435405
0.0960960960960961 -106.18881944315129
0.0980980980980981 -105.32594234051658
0.10010010010010009 -104.47617300288701
0.1021021021021021 -103.63905645159605
0.1041041041041041 -102.814161211314
0.1061061061061061 -102.00107932420414
0.10810810810810811 -101.19942299052957
0.11011011011011011 -100.40882489438289
0.11211211211211211 -99.62893509087843
0.11411411411411411 -98.85942158495709
0.11611611611611611 -98.09996741457621
0.11811811811811812 -97.3502714370951
0.12012012012012012 -96.61004556907673
0.12212212212212212 -95.87901574453704
0.12412412412412413 -95.15691928043134
0.12612612612612611 -94.44350597847742
0.12812812812812813 -93.738535591849
0.13013013013013014 -93.0417790479797
0.13213213213213212 -92.35301599694733
0.13413413413413414 -91.67203613707429
0.13613613613613612 -90.99863682933713
0.13813813813813813 -90.33262451101896
0.14014014014014015 -89.67381236348999
0.14214214214214213 -89.0220218018732
0.14414414414414414 -88.37708018591465
0.14614614614614616 -87.73882237576782
0.14814814814814814 -87.10708847755438
0.15015015015015015 -86.481725457084
0.15215215215215216 -85.8625849132099
0.15415415415415415 -85.24952474267448
0.15615615615615616 -84.64240693557247
0.15815815815815815 -84.04109928562352
0.16016016016016016 -83.44547320303158
0.16216216216216217 -82.85540546538954
0.16416416416416416 -82.27077604401654
0.16616616616616617 -81.6914698914376
0.16816816816816815 -81.11737477792923
0.17017017017017017 -80.54838311212441
0.17217217217217218 -79.9843897850279
0.17417417417417416 -79.42529402079933
0.17617617617617617 -78.87099722593771
0.1781781781781782 -78.32140486771212
0.18018018018018017 -77.77642432657854
0.18218218218218218 -77.23596680007455
0.1841841841841842 -76.69994515683368
0.18618618618618618 -76.16827586405245
0.1881881881881882 -75.64087684171895
0.19019019019019018 -75.11766941200594
0.1921921921921922 -74.59857615254154
0.1941941941941942 -74.0835228662896
0.1961961961961962 -73.5724364328675
0.1981981981981982 -73.06524679765121
0.20020020020020018 -72.56188482029518
0.2022022022022022 -72.06228428194882
0.2042042042042042 -71.56637973026037
0.2062062062062062 -71.07410850372048
0.2082082082082082 -70.58540857253814
0.21021021021021022 -70.10022057923766
0.2122122122122122 -69.61848567488687
0.21421421421421422 -69.14014757516756
0.21621621621621623 -68.66515039151443
0.2182182182182182 -68.19344070196166
0.22022022022022023 -67.7249653768169
0.2222222222222222 -67.25967366365788
0.22422422422422422 -66.79751500722364
0.22622622622622623 -66.33844114799626
0.22822822822822822 -65.88240393604016
0.23023023023023023 -65.42935744265904
0.23223223223223222 -64.97925576795586
0.23423423423423423 -64.53205516510201
0.23623623623623624 -64.08771184142762
0.23823823823823823 -63.64618409488088
0.24024024024024024 -63.20743010848989
0.24224224224224225 -62.77141009862726
0.24424424424424424 -62.33808410271098
0.24624624624624625 -61.90741413892192
0.24824824824824826 -61.479361987035276
0.2502502502502503 -61.053891359266714
0.25225225225225223 -60.630965674146324
0.25425425425425424 -60.2105502381948
0.25625625625625625 -59.79261001276939
0.25825825825825827 -59.37711180629421
0.2602602602602603 -58.964022034022975
0.26226226226226224 -58.55330892056773
0.26426426426426425 -58.14494025253663
0.26626626626626626 -57.738885591123335
0.2682682682682683 -57.335114017589916
0.2702702702702703 -56.933596355695244
0.27227227227227224 -56.534302910003134
0.27427427427427425 -56.13720569794282
0.27627627627627627 -55.74227618093124
0.2782782782782783 -55.34948750587202
0.2802802802802803 -54.95881222908801
0.2822822822822823 -54.570224567077275
0.28428428428428426 -54.183698113259254
0.2862862862862863 -53.79920809781623
0.2882882882882883 -53.416729097262476
0.2902902902902903 -53.036237303210015
0.2922922922922923 -52.65770822477447
0.29429429429429427 -52.28111896611318
0.2962962962962963 -51.90644592168596
0.2982982982982983 -51.53366706242144
0.3003003003003003 -51.16275962385501
0.3023023023023023 -50.7937024007866
0.30430430430430433 -50.42647342832126
0.3063063063063063 -50.0610522848886
0.3083083083083083 -49.69741776621444
0.3103103103103103 -49.33555019657797
0.3123123123123123 -48.9754290957452
0.31431431431431434 -48.61703549834641
0.3163163163163163 -48.26034961380401
0.3183183183183183 -47.90535315371753
0.3203203203203203 -47.5520269848208
0.32232232232232233 -47.20035346426664
0.32432432432432434 -46.85031408564964
0.3263263263263263 -46.50189182208754
0.3283283283283283 -46.15506876534664
0.3303303303303303 -45.809828476621306
0.33233233233233234 -45.46615361880069
0.33433433433433435 -45.124028314850875
0.3363363363363363 -44.783435773262454
0.3383383383383383 -44.444360653944216
0.34034034034034033 -44.10678668689147
0.34234234234234234 -43.77069904550342
0.34434434434434436 -43.43608195851289
0.34634634634634637 -43.10292109064241
0.3483483483483483 -42.77120114783676
0.35035035035035034 -42.44090826517592
0.35235235235235235 -42.11202760545174
0.35435435435435436 -41.78454575425883
0.3563563563563564 -41.45844831195703
0.35835835835835833 -41.13372229586392
0.36036036036036034 -40.81035372564466
0.36236236236236236 -40.488330032532446
0.36436436436436437 -40.16763763818784
0.3663663663663664 -39.84826437087477
0.3683683683683684 -39.53019703783184
0.37037037037037035 -39.213423848334656
0.37237237237237236 -38.89793197962035
0.3743743743743744 -38.58371000676897
0.3763763763763764 -38.27074546222346
0.3783783783783784 -37.95902727242418
0.38038038038038036 -37.648543310966005
0.38238238238238237 -37.33928284192248
0.3843843843843844 -37.03123406668146
0.3863863863863864 -36.724386573896965
0.3883883883883884 -36.41872888004448
0.39039039039039036 -36.11425088594049
0.3923923923923924 -35.810941411058195
0.3943943943943944 -35.508790656556044
0.3963963963963964 -35.207787733394895
0.3983983983983984 -34.90792313181791
0.40040040040040037 -34.60918624330969
0.4024024024024024 -34.311567836471966
0.4044044044044044 -34.01505757286458
0.4064064064064064 -33.71964648922258
0.4084084084084084 -33.4253245072189
0.41041041041041043 -33.132082921969555
0.4124124124124124 -32.8399119057575
0.4144144144144144 -32.54880300277409
0.4164164164164164 -32.25874662684316
0.4184184184184184 -31.969734562347895
0.42042042042042044 -31.68175745599376
0.4224224224224224 -31.394807323871618
0.4244244244244244 -31.108875037297224
0.4264264264264264 -30.823952835962245
0.42842842842842843 -30.540031807888766
0.43043043043043044 -30.257104408620023
0.43243243243243246 -29.975161935327606
0.4344344344344344 -29.694197051995673
0.4364364364364364 -29.41420125771785
0.43843843843843844 -29.135167417829365
0.44044044044044045 -28.857087226430338
0.44244244244244246 -28.579953743421385
0.4444444444444444 -28.3037588512895
0.44644644644644643 -28.02849579800349
0.44844844844844844 -27.75415664809813
0.45045045045045046 -27.48073483138694
0.45245245245245247 -27.208222588380067
0.4544544544544544 -26.9366135247721
0.45645645645645644 -26.665900051228988
0.45845845845845845 -26.396075943609645
0.46046046046046046 -26.127133777156615
0.4624624624624625 -25.8590674924111
0.46446446446446443 -25.591869823841478
0.46646646646646645 -25.325534871412003
0.46846846846846846 -25.060055523683445
0.47047047047047047 -24.795426034996268
0.4724724724724725 -24.531639443076585
0.4744744744744745 -24.26869015179605
0.47647647647647645 -24.006571343315983
0.47847847847847846 -23.745277566386136
0.4804804804804805 -23.484802143060136
0.4824824824824825 -23.225139762496013
0.4844844844844845 -22.96628388227498
0.48648648648648646 -22.708229327667794
0.48848848848848847 -22.450969687588668
0.4904904904904905 -22.194499919291616
0.4924924924924925 -21.938813738991314
0.4944944944944945 -21.683906231954097
0.4964964964964965 -21.429771237816936
0.4984984984984985 -21.17640396603872
0.5005005005005005 -20.923798375948053
0.5025025025025025 -20.671949797520853
0.5045045045045045 -20.4208523061873
0.5065065065065065 -20.170501348902434
0.5085085085085085 -19.920891113742442
0.5105105105105106 -19.67201716123506
0.5125125125125125 -19.42387378877504
0.5145145145145145 -19.176456667182094
0.5165165165165165 -18.929760199964704
0.5185185185185185 -18.68378016507384
0.5205205205205206 -18.438511069044097
0.5225225225225225 -18.19394879391163
0.5245245245245245 -17.95008794626162
0.5265265265265265 -17.706924509279162
0.5285285285285285 -17.46445318673142
0.5305305305305306 -17.222670060121317
0.5325325325325325 -16.981569927631995
0.5345345345345345 -16.741148966353478
0.5365365365365365 -16.50140206621694
0.5385385385385385 -16.26232549726484
0.5405405405405406 -16.023914238602742
0.5425425425425425 -15.786164650683077
0.5445445445445445 -15.549071799301487
0.5465465465465466 -15.31263213286627
0.5485485485485485 -15.076840801465721
0.5505505505505506 -14.841694339094033
0.5525525525525525 -14.607187977816864
0.5545545545545546 -14.373318334926068
0.5565565565565566 -14.14008072222856
0.5585585585585585 -13.907471838102708
0.5605605605605606 -13.675487071936743
0.5625625625625625 -13.444123201059426
0.5645645645645646 -13.213375690352962
0.5665665665665666 -12.983241394031552
0.5685685685685685 -12.75371585045417
0.5705705705705706 -12.524795988724065
0.5725725725725725 -12.296477418726965
0.5745745745745746 -12.068757142524817
0.5765765765765766 -11.841630839644154
0.5785785785785785 -11.615095583238656
0.5805805805805806 -11.389147120651614
0.5825825825825826 -11.163782594322186
0.5845845845845846 -10.938997817645827
0.5865865865865866 -10.714790000599294
0.5885885885885885 -10.491155020922804
0.5905905905905906 -10.268090154438767
0.5925925925925926 -10.045591341579666
0.5945945945945946 -9.823655922375792
0.5965965965965966 -9.60227989835198
0.5985985985985985 -9.38146067215996
0.6006006006006006 -9.161194304868559
0.6026026026026026 -8.941478260309566
0.6046046046046046 -8.722308839091227
0.6066066066066066 -8.503683027894283
0.6086086086086087 -8.285597699983327
0.6106106106106106 -8.068049719677049
0.6126126126126126 -7.851035878810421
0.6146146146146146 -7.634553745600897
0.6166166166166166 -7.4185994534761335
0.6186186186186187 -7.203170596455834
0.6206206206206206 -6.988263840041554
0.6226226226226226 11.002148358470606
0.6246246246246246 11.763606865762824
0.6266266266266266 12.353531049367177
0.6286286286286287 12.860187544576604
0.6306306306306306 13.315093227208251
0.6326326326326326 13.733811424945486
0.6346346346346347 14.125370324471533
0.6366366366366366 14.495551098565102
0.6386386386386387 14.848315328409342
0.6406406406406406 15.186513826278826
0.6426426426426426 15.512275918577984
0.6446446446446447 15.827240195847367
0.6466466466466466 16.132697646975316
0.6486486486486487 16.429686207148336
0.6506506506506506 16.719051916699527
0.6526526526526526 17.001497591997236
0.6546546546546547 17.27761093207164
0.6566566566566566 17.547889705897717
0.6586586586586587 17.81275985228916
0.6606606606606606 18.07258777537328
0.6626626626626626 18.327691283211266
0.6646646646646647 18.57834754863194
0.6666666666666666 18.824799908232535
0.6686686686686687 19.0672632568195
0.6706706706706707 19.305926568322377
0.6726726726726726 19.54095981933034
0.6746746746746747 19.77251272562654
0.6766766766766766 20.000720307515053
0.6786786786786787 20.225703430799285
0.6806806806806807 20.447571030213226
0.6826826826826827 20.66642089187883
0.6846846846846847 20.88234128882476
0.6866866866866866 21.095412823717936
0.6886886886886887 21.305707585741743
0.6906906906906907 21.513291776626716
0.6926926926926927 21.71822467005387
0.6946946946946947 21.920560742962948
0.6966966966966966 22.12034954104479
0.6986986986986987 22.317635908477484
0.7007007007007007 22.5124604558481
0.7027027027027027 22.704860823737988
0.7047047047047047 22.894870922339578
0.7067067067067067 23.082521395831066
0.7087087087087087 23.267840672482293
0.7107107107107107 23.450854350983036
0.7127127127127127 23.631585902506288
0.7147147147147147 23.810056703387374
0.7167167167167167 23.986286085529912
0.7187187187187187 24.160291665043474
0.7207207207207207 24.332089294334367
0.7227227227227228 24.5016952987051
0.7247247247247247 24.669121477339615
0.7267267267267267 24.834380576432523
0.7287287287287287 24.99748427640037
0.7307307307307307 25.158442341553325
0.7327327327327328 25.317264918807496
0.7347347347347347 25.473959194743827
0.7367367367367368 25.627336349508653
0.7387387387387387 25.73515524445179
0.7407407407407407 25.730738531398856
0.7427427427427428 25.691472165762434
0.7447447447447447 25.650016514475453
0.7467467467467468 25.608715545546943
0.7487487487487487 25.567660073112734
0.7507507507507507 25.526852062319904
0.7527527527527528 25.486288537180826
0.7547547547547547 25.44596744230256
0.7567567567567568 25.405886620836043
0.7587587587587588 25.366043874632965
0.7607607607607607 25.326437214725445
0.7627627627627628 25.287064767419906
0.7647647647647647 25.247924175626622
0.7667667667667668 25.20901340423353
0.7687687687687688 25.1703304020661
0.7707707707707707 25.131873141208928
0.7727727727727728 25.093639627187144
0.7747747747747747 25.055628176501727
0.7767767767767768 25.01783680774747
0.7787787787787788 24.980263365158294
0.7807807807807807 24.942906029918106
0.7827827827827828 24.90576300210796
0.7847847847847848 24.868832225681842
0.7867867867867868 24.83211264199872
0.7887887887887888 24.79560149569204
0.7907907907907907 24.759297576340543
0.7927927927927928 24.72319874954144
0.7947947947947948 24.687303532000215
0.7967967967967968 24.651610331426014
0.7987987987987988 24.61611711235099
0.8008008008008007 24.580822284229214
0.8028028028028028 24.54572406397881
0.8048048048048048 24.510821573720364
0.8068068068068068 24.476112257447994
0.8088088088088088 24.441594656547522
0.8108108108108109 24.407267743275327
0.8128128128128128 24.373129422893726
0.8148148148148148 24.339178146230893
0.8168168168168168 24.305412601131252
0.8188188188188188 24.271831287381872
0.8208208208208209 24.238432267515236
0.8228228228228228 24.205214905917728
0.8248248248248248 24.172176866245763
0.8268268268268268 24.139317133653776
0.8288288288288288 24.106634113333996
0.8308308308308309 24.07412639845495
0.8328328328328328 24.041792721010722
0.8348348348348348 24.00963141634395
0.8368368368368369 23.97764115054713
0.8388388388388388 23.945821129799185
0.8408408408408409 23.91416921274657
0.8428428428428428 23.88268448411185
0.8448448448448448 23.851365417832312
0.8468468468468469 23.820211041468667
0.8488488488488488 23.789219642185174
0.8508508508508509 23.758390270252846
0.8528528528528528 23.72772140598687
0.8548548548548548 23.697211962865595
0.8568568568568569 23.666860634971158
0.8588588588588588 23.636666261712435
0.8608608608608609 23.606627463058032
0.8628628628628628 23.57674319963951
0.8648648648648649 23.547012199712356
0.8668668668668669 23.517433441459673
0.8688688688688688 23.488005488289502
0.8708708708708709 23.45872741997988
0.8728728728728729 23.429597865469646
0.8748748748748749 23.400615966669875
0.8768768768768769 23.37178042237332
0.8788788788788788 23.3430900577261
0.8808808808808809 23.314544068877012
0.8828828828828829 23.28614087010442
0.8848848848848849 23.257880146591674
0.8868868868868869 23.229760167179734
0.8888888888888888 23.20177992402631
0.8908908908908909 23.173938850627792
0.8928928928928929 23.146235494349014
0.8948948948948949 23.118668758641945
0.8968968968968969 23.091238159220552
0.8988988988988988 23.06394220375273
0.9009009009009009 23.03677990586897
0.9029029029029029 23.009750671017628
0.9049049049049049 22.98285317123009
0.9069069069069069 22.956086413044318
0.9089089089089089 22.929449825984136
0.9109109109109109 22.902942137964715
0.9129129129129129 22.876562432613696
0.914914914914915 22.850309892038013
0.9169169169169169 22.824183598889817
0.9189189189189189 22.798182483030587
0.9209209209209209 22.77230577845586
0.9229229229229229 22.746552700916027
0.924924924924925 22.72092214675763
0.9269269269269269 22.695413337586842
0.9289289289289289 22.67002539420986
0.9309309309309309 22.644757465341684
0.9329329329329329 22.619608693099735
0.934934934934935 22.594578287083948
0.9369369369369369 22.569665338977416
0.938938938938939 22.54486904862972
0.9409409409409409 22.520188608191404
0.9429429429429429 22.495623198295732
0.944944944944945 22.471172012052705
0.9469469469469469 22.446834258320848
0.948948948948949 22.42260915037548
0.950950950950951 22.398495903907076
0.9529529529529529 22.374493752760714
0.954954954954955 22.35060190724448
0.9569569569569569 22.32681960151274
0.958958958958959 22.303146129707045
0.960960960960961 22.27958072093662
0.9629629629629629 22.256122646914037
0.964964964964965 22.232771123944758
0.9669669669669669 22.20952547278972
0.968968968968969 22.186384977220882
0.970970970970971 22.163348926295782
0.9729729729729729 22.14041665187807
0.974974974974975 22.117587251592
0.9769769769769769 22.09486024968652
0.978978978978979 22.072234954150588
0.980980980980981 22.049710534586666
0.9829829829829829 22.027286423760188
0.984984984984985 22.004961954673263
0.986986986986987 21.98273648976391
0.988988988988989 21.960609211506153
0.990990990990991 21.938579607966176
0.992992992992993 21.9166470885462
0.994994994994995 21.89481081820213
0.996996996996997 21.873070313268613
0.998998998998999 21.851424988885014
1.001001001001001 21.829873970280858
1.003003003003003 21.808416884482313
1.005005005005005 21.787053131632433
1.007007007007007 21.765781841958585
1.009009009009009 21.744602696620973
1.011011011011011 21.723515000544353
1.013013013013013 21.702518047365174
1.015015015015015 21.681611533927878
1.017017017017017 21.66079449396392
1.019019019019019 21.640066644897615
1.021021021021021 21.619427305129477
1.023023023023023 21.59887589844402
1.025025025025025 21.57841201915278
1.027027027027027 21.558034795698177
1.029029029029029 21.53774414574218
1.031031031031031 21.517538879851884
1.033033033033033 21.49741900724422
1.035035035035035 21.47738388666278
1.037037037037037 21.457432671901756
1.039039039039039 21.437565192993077
1.0410410410410411 21.41778069442364
1.043043043043043 21.398078836172374
1.045045045045045 21.378458915777173
1.047047047047047 21.358920646170475
1.049049049049049 21.339463273918113
1.0510510510510511 21.320086888730827
1.053053053053053 21.300789678654667
1.055055055055055 21.281572458680216
1.057057057057057 21.262434139760387
1.059059059059059 21.243374550777048
1.0610610610610611 21.2243927929253
1.063063063063063 21.205488841679994
1.065065065065065 21.186661784618934
1.067067067067067 21.167911759113565
1.069069069069069 21.149237271067136
1.0710710710710711 21.130638759537305
1.073073073073073 21.112115630439007
1.075075075075075 21.093667096669037
1.077077077077077 21.07529305840677
1.079079079079079 21.05699284214319
1.0810810810810811 21.03876619950347
1.083083083083083 21.020612065407704
1.085085085085085 21.002530923490383
1.087087087087087 20.98452171012059
1.089089089089089 20.966584335997197
1.0910910910910911 20.948718136704088
1.093093093093093 20.930922817005523
1.095095095095095 20.913197986822865
1.097097097097097 20.895542975607043
1.0990990990990992 20.877958242590978
1.1011011011011012 20.860441475938728
1.103103103103103 20.842994371247244
1.105105105105105 20.825615079613385
1.107107107107107 20.80830414134556
1.1091091091091092 20.791060710906038
1.1111111111111112 20.773884113150075
1.1131131131131131 20.756774631209737
1.115115115115115 20.7397314288022
1.117117117117117 20.72275451969614
1.1191191191191192 20.70584283138328
1.1211211211211212 20.68899641324049
1.1231231231231231 20.672215651688475
1.125125125125125 20.655497931590162
1.127127127127127 20.638845085553953
1.1291291291291292 20.622256081394823
1.1311311311311312 20.605730218638087
1.1331331331331331 20.589267736667693
1.135135135135135 20.572867457951816
1.137137137137137 20.556530159000772
1.1391391391391392 20.54025398416843
1.1411411411411412 20.524039673065147
1.1431431431431431 20.507887397987588
1.145145145145145 20.49179463644913
1.147147147147147 20.47576319348957
1.1491491491491492 20.459792115795324
1.1511511511511512 20.443880333155846
1.1531531531531531 20.428028559563813
1.155155155155155 20.412235812489882
1.157157157157157 20.396501978273932
1.1591591591591592 20.38082707000109
1.1611611611611612 20.365209539338252
1.1631631631631631 20.349650485939947
1.165165165165165 20.334148847613847
1.167167167167167 20.31870455789118
1.1691691691691692 20.303317749373093
1.1711711711711712 20.287986165536893
1.1731731731731732 20.272711729123557
1.1751751751751751 20.257493354817143
1.177177177177177 20.242330358410754
1.1791791791791792 20.22722302393197
1.1811811811811812 20.212170694544284
1.1831831831831832 20.19717305123021
1.1851851851851851 20.182230119064116
1.187187187187187 20.167341076616935
1.1891891891891893 20.152506003872247
1.1911911911911912 20.1377248567498
1.1931931931931932 20.12299655144824
1.1951951951951951 40.3942064789743
1.197197197197197 40.52542364424687
1.1991991991991993 40.656476804693966
1.2012012012012012 40.78736581215617
1.2032032032032032 40.91809145199562
1.2052052052052051 41.04865421374228
1.207207207207207 41.17905383244505
1.2092092092092093 41.30929180664083
1.2112112112112112 41.43936832674734
1.2132132132132132 41.56928307390132
1.2152152152152151 41.69903760043297
1.2172172172172173 41.82863206187818
1.2192192192192193 41.95806612743854
1.2212212212212212 42.08734130744432
1.2232232232232232 42.21645758282159
1.2252252252252251 42.34541567951334
1.2272272272272273 42.47421542526661
1.2292292292292293 42.60285809273802
1.2312312312312312 42.73134330680176
1.2332332332332332 42.85967224209122
1.2352352352352352 42.98784487909552
1.2372372372372373 43.115862112682464
1.2392392392392393 43.24372345056406
1.2412412412412412 43.37143043464215
1.2432432432432432 43.49898285492907
1.2452452452452452 43.62638137048856
1.2472472472472473 43.753626386666724
1.2492492492492493 43.88071841953047
1.2512512512512513 44.007657460151506
1.2532532532532532 44.13444447626301
1.2552552552552552 44.26107968186761
1.2572572572572573 44.38756350042581
1.2592592592592593 44.51389635354502
1.2612612612612613 44.640078660990355
1.2632632632632632 44.76611084069583
1.2652652652652652 44.89199330877511
1.2672672672672673 45.01772647953214
1.2692692692692693 45.14331076547222
1.2712712712712713 45.2687465773123
1.2732732732732732 45.394034323991946
1.2752752752752752 45.519174412683185
1.2772772772772774 45.64416724880152
1.2792792792792793 45.769013236015894
1.2812812812812813 45.89371277625912
1.2832832832832832 46.01826626973792
1.2852852852852852 46.14267411494302
1.2872872872872874 46.26693670865933
1.2892892892892893 46.39105444597561
1.2912912912912913 46.51502772029454
1.2932932932932932 46.638856923342644
1.2952952952952952 46.76254244517958
1.2972972972972974 46.88608467420829
1.2992992992992993 47.00948399718419
1.3013013013013013 47.13274079922496
1.3033033033033032 47.255855463819785
1.3053053053053052 47.37882837283894
1.3073073073073074 47.501659906542784
1.3093093093093093 47.62435044359137
1.3113113113113113 47.74690036105335
1.3133133133133132 47.86931003441521
1.3153153153153152 47.991579837590166
1.3173173173173174 48.11371014292746
1.3193193193193193 48.2357013212208
1.3213213213213213 48.357553741717595
1.3233233233233233 48.479267772127514
1.3253253253253252 48.60084377863137
1.3273273273273274 48.722282125889706
1.3293293293293293 48.843583177051244
1.3313313313313313 48.964747293761604
1.3333333333333333 49.08577483617188
1.3353353353353352 49.20666616294665
1.3373373373373374 49.32742163127273
1.3393393393393394 49.4480415968672
1.3413413413413413 49.56852641398581
1.3433433433433433 49.6888764354311
1.3453453453453452 49.80909201256043
1.3473473473473474 49.929173495294265
1.3493493493493494 50.04912123212375
1.3513513513513513 50.16893557011929
1.3533533533533533 50.28861685493774
1.3553553553553555 50.40816543083082
1.3573573573573574 50.52758164065261
1.3593593593593594 50.64686582586728
1.3613613613613613 50.766018326556775
1.3633633633633633 50.88503948142858
1.3653653653653655 51.003929627823084
1.3673673673673674 51.12268910172122
1.3693693693693694 51.241318237751784
1.3713713713713713 51.35981736919911
1.3733733733733733 51.478186828010166
1.3753753753753755 51.59642694480192
1.3773773773773774 51.71453804886875
1.3793793793793794 51.83252046818939
1.3813813813813813 51.95037452943427
1.3833833833833833 52.068100557972684
1.3853853853853855 52.18569887787959
1.3873873873873874 52.30316981194284
1.3893893893893894 52.420513681670116
1.3913913913913913 52.53773080729576
1.3933933933933933 52.65482150778763
1.3953953953953955 52.77178610085406
1.3973973973973974 52.88862490295048
1.3993993993993994 53.00533822928628
1.4014014014014013 53.1219263938313
1.4034034034034033 53.238389709322746
1.4054054054054055 53.35472848727153
1.4074074074074074 53.47094303796888
1.4094094094094094 53.58703367049287
1.4114114114114114 53.703000692714966
1.4134134134134133 53.818844411306316
1.4154154154154155 53.93456513174414
1.4174174174174174 54.05016315831807
1.4194194194194194 54.1656387941365
1.4214214214214214 54.280992341132674
1.4234234234234233 54.39622410007115
1.4254254254254255 54.5113343705537
1.4274274274274275 54.626323451025485
1.4294294294294294 54.74119163878129
1.4314314314314314 54.8559392299714
1.4334334334334333 54.9705665196077
1.4354354354354355 55.08507380156959
1.4374374374374375 55.19946136860983
1.4394394394394394 55.31372951236057
1.4414414414414414 55.42787852333902
1.4434434434434433 55.54190869095356
1.4454454454454455 55.65582030350913
1.4474474474474475 55.76961364821307
1.4494494494494494 55.883289011181034
1.4514514514514514 55.99684667744236
1.4534534534534533 56.11028693094585
1.4554554554554555 56.22361005456531
1.4574574574574575 56.336816330104966
1.4594594594594594 56.449906038305244
1.4614614614614614 56.56287945884799
1.4634634634634633 56.6757368703619
1.4654654654654655 56.788478550428295
1.4674674674674675 56.90110477558591
1.4694694694694694 57.0136158213366
1.4714714714714714 57.12601196215064
1.4734734734734736 57.238293471471934
1.4754754754754755 57.35046062172296
1.4774774774774775 57.462513684310466
1.4794794794794794 57.57445292963024
1.4814814814814814 57.6862786270724
1.4834834834834836 57.79799104502655
1.4854854854854855 57.909590450886526
1.4874874874874875 58.02107711105589
1.4894894894894894 58.13245129095253
1.4914914914914914 58.24371325501386
1.4934934934934936 58.354863266701614
1.4954954954954955 58.46590158850688
1.4974974974974975 58.576828481954806
1.4994994994994995 58.68764420760965
1.5015015015015014 58.79834902507935
1.5035035035035036 58.908943193020434
1.5055055055055055 59.0194269691429
1.5075075075075075 59.12980061021466
1.5095095095095095 59.24006437206634
1.5115115115115114 59.350218509596004
1.5135135135135136 59.460263276773844
1.5155155155155156 59.570198926646526
1.5175175175175175 59.6800257113419
1.5195195195195195 59.78974388207371
1.5215215215215214 59.89935368914581
1.5235235235235236 60.00885538195695
1.5255255255255256 60.11824920900483
1.5275275275275275 60.22753541789103
1.5295295295295295 60.336714255325035
1.5315315315315314 60.44578596712876
1.5335335335335336 60.55475079824089
1.5355355355355356 60.66360899272121
1.5375375375375375 60.7723607937549
1.5395395395395395 60.88100644365659
1.5415415415415414 60.98954618387512
1.5435435435435436 61.097980254997196
1.5455455455455456 61.20630889675192
1.5475475475475475 61.31453234801472
1.5495495495495495 61.42265084681179
1.5515515515515514 61.53066463032394
1.5535535535535536 61.63857393489076
1.5555555555555556 61.74637899601481
1.5575575575575575 61.854080048365404
1.5595595595595595 61.96167732578289
1.5615615615615615 62.06917106128242
1.5635635635635636 62.17656148705811
1.5655655655655656 62.283848834486776
1.5675675675675675 62.391033334131976
1.5695695695695695 62.498115215748044
1.5715715715715715 62.605094708283616
1.5735735735735736 62.711972039885666
1.5755755755755756 62.81874743790348
1.5775775775775776 62.92542112889214
1.5795795795795795 63.03199333861647
1.5815815815815815 63.13846429205495
1.5835835835835836 63.244834213403124
1.5855855855855856 63.35110332607741
1.5875875875875876 63.45727185271903
1.5895895895895895 63.56334001519741
1.5915915915915915 63.66930803461372
1.5935935935935936 63.775176131305045
1.5955955955955956 63.88094452484722
1.5975975975975976 63.98661343405905
1.5995995995995995 64.09218307700553
1.6016016016016015 64.19765367100155
1.6036036036036037 64.30302543261524
1.6056056056056056 64.40829857767153
1.6076076076076076 64.51347332125579
1.6096096096096095 64.61854987771693
1.6116116116116117 64.72352846067128
1.6136136136136137 64.82840928300561
1.6156156156156156 64.93319255688067
1.6176176176176176 65.0378784937347
1.6196196196196195 65.14246730428647
1.6216216216216217 65.246959198539
1.6236236236236237 65.35135438578243
1.6256256256256256 65.45565307459776
1.6276276276276276 65.55985547285974
1.6296296296296295 65.6639617877405
1.6316316316316317 65.76797222571247
1.6336336336336337 65.8718869925516
1.6356356356356356 65.97570629334086
1.6376376376376376 66.07943033247324
1.6396396396396395 66.18305931365472
1.6416416416416417 66.28659343990773
1.6436436436436437 66.3900329135742
1.6456456456456456 66.49337793631844
1.6476476476476476 66.59662870913053
1.6496496496496496 66.69978543232918
1.6516516516516517 66.80284830556496
1.6536536536536537 66.90581752782316
1.6556556556556556 67.00869329742693
1.6576576576576576 67.11147581204017
1.6596596596596596 67.21416526867068
1.6616616616616617 67.31676186367304
1.6636636636636637 67.41926579275139
1.6656656656656657 67.52167725096268
1.6676676676676676 67.62399643271942
1.6696696696696696 67.72622353179253
1.6716716716716717 67.82835874131433
1.6736736736736737 67.93040225378132
1.6756756756756757 68.03235426105704
1.6776776776776776 68.13421495437512
1.6796796796796796 68.23598452434163
1.6816816816816818 68.33766316093846
1.6836836836836837 68.43925105352554
1.6856856856856857 68.54074839084416
1.6876876876876876 68.64215536101915
1.6896896896896896 68.74347215156217
1.6916916916916918 68.84469894937405
1.6936936936936937 68.94583594074771
1.6956956956956957 69.04688331137072
1.6976976976976976 69.14784124632797
1.6996996996996996 69.24870993010461
1.7017017017017018 69.3494895465883
1.7037037037037037 69.45018027907201
1.7057057057057057 69.55078231025686
1.7077077077077076 69.65129582225433
1.7097097097097096 69.75172099658914
1.7117117117117118 69.8520580142017
1.7137137137137137 69.95230705545072
1.7157157157157157 70.05246830011572
1.7177177177177176 70.15254192739962
1.7197197197197196 70.25252811593117
1.7217217217217218 70.35242704376753
1.7237237237237237 70.45223888839678
1.7257257257257257 70.55196382674029
1.7277277277277276 70.65160203515529
1.7297297297297298 70.75115368943727
1.7317317317317318 70.85061896482244
1.7337337337337337 70.94999803599012
1.7357357357357357 71.04929107706522
1.7377377377377377 71.14849826162049
1.7397397397397398 71.24761976267911
1.7417417417417418 71.34665575271691
1.7437437437437437 71.44560640366473
1.7457457457457457 71.54447188691091
1.7477477477477477 71.64325237330343
1.7497497497497498 71.74194803315243
1.7517517517517518 71.84055903623215
1.7537537537537538 71.93908555178382
1.7557557557557557 72.03752774851745
1.7577577577577577 72.13588579461407
1.7597597597597598 72.23415985772857
1.7617617617617618 72.33235010499118
1.7637637637637638 72.4304567030103
1.7657657657657657 72.52847981787431
1.7677677677677677 72.62641961515408
1.7697697697697699 72.72427625990514
1.7717717717717718 72.82204991666953
1.7737737737737738 72.91974074947836
1.7757757757757757 73.01734892185385
1.7777777777777777 73.11487459681143
1.7797797797797799 73.2123179368619
1.7817817817817818 73.30967910401347
1.7837837837837838 73.40695825977423
1.7857857857857857 73.50415556515372
1.7877877877877877 73.60127118066549
1.7897897897897899 73.69830526632887
1.7917917917917918 73.79525798167128
1.7937937937937938 73.8921294857301
1.7957957957957957 73.98891993705479
1.7977977977977977 74.085629493709
1.7997997997997999 74.18225831327248
1.8018018018018018 74.2788065528432
1.8038038038038038 74.37527436903923
1.8058058058058057 74.4716619180009
1.8078078078078077 74.56796935539262
1.8098098098098099 74.66419683640504
1.8118118118118118 74.76034451575674
1.8138138138138138 74.8564125476966
1.8158158158158157 74.95240108600524
1.8178178178178177 75.04831028399747
1.8198198198198199 75.14414029452365
1.8218218218218218 75.23989126997219
1.8238238238238238 75.33556336227105
1.8258258258258258 75.43115672288985
1.8278278278278277 75.52667150284145
1.82982982982983 75.62210785268428
1.8318318318318318 75.71746592252379
1.8338338338338338 75.81274586201465
1.8358358358358358 75.90794782036227
1.8378378378378377 76.00307194632478
1.83983983983984 76.09811838821508
1.8418418418418419 76.19308729390212
1.8438438438438438 76.28797881081334
1.8458458458458458 76.38279308593593
1.8478478478478477 76.47753026581898
1.84984984984985 76.57219049657505
1.8518518518518519 76.66677392388209
1.8538538538538538 76.76128069298505
1.8558558558558558 76.85571094869772
1.8578578578578577 76.95006483540459
1.85985985985986 77.0443424970623
1.8618618618618619 77.13854407720163
1.8638638638638638 77.232669718929
1.8658658658658658 77.3267195649284
1.867867867867868 77.42069375746297
1.86986986986987 77.51459243837661
1.8718718718718719 77.60841574909585
1.8738738738738738 77.70216383063143
1.8758758758758758 77.79583682357986
1.877877877877878 77.88943486812525
1.87987987987988 77.98295810404085
1.8818818818818819 78.07640667069086
1.8838838838838838 78.16978070703169
1.8858858858858858 78.26308035161401
1.887887887887888 78.35630574258414
1.88988988988989 78.44945701768563
1.8918918918918919 78.54253431426105
1.8938938938938938 78.63553776925323
1.8958958958958958 78.72846751920736
1.897897897897898 78.82132370027205
1.8998998998999 78.91410644820121
1.901901901901902 79.00681589835546
1.9039039039039038 79.0994521857038
1.9059059059059058 79.19201544482513
1.907907907907908 79.2845058099096
1.90990990990991 79.37692341476048
1.911911911911912 79.46926839279541
1.9139139139139139 79.56154087704789
1.9159159159159158 79.65374100016902
1.917917917917918 79.74586889442884
1.91991991991992 79.83792469171789
1.921921921921922 79.92990852354848
1.9239239239239239 80.02182052105655
1.9259259259259258 80.11366081500279
1.927927927927928 80.20542953577439
1.92992992992993 80.29712681338606
1.931931931931932 80.38875277748207
1.9339339339339339 80.4803075573372
1.9359359359359358 80.57179128185851
1.937937937937938 80.66320407958636
1.93993993993994 80.75454607869631
1.941941941941942 80.8458174070002
1.9439439439439439 80.93701819194763
1.9459459459459458 81.02814856062747
1.947947947947948 81.11920863976917
1.94994994994995 81.21019855574406
1.951951951951952 81.30111843456683
1.9539539539539539 81.39196840189686
1.9559559559559558 81.48274858303972
1.957957957957958 81.57345910294828
1.95995995995996 81.66410008622427
1.961961961961962 81.75467165711956
1.9639639639639639 81.8451739395374
1.9659659659659658 81.9356070570339
1.967967967967968 82.02597113281934
1.96996996996997 82.11626628975932
1.971971971971972 82.20649265037628
1.973973973973974 82.2966503368508
1.9759759759759759 82.38673947102262
1.977977977977978 82.47676017439233
1.97997997997998 82.56671256812228
1.981981981981982 82.6565967730383
1.983983983983984 82.74641290963046
1.985985985985986 82.83616109805467
1.987987987987988 82.92584145813402
1.98998998998999 83.01545410935972
1.991991991991992 83.1049991708926
1.993993993993994 83.1944767615642
1.995995995995996 83.28388699987818
1.997997997997998 83.37323000401142
2.0 83.46250589181528
