0.0 1.9826185016978443e-09
0.002002002002002002 9.431567906535933e-10
0.004004004004004004 7.813518857979983e-09
0.006006006006006006 3.008839916753777e-09
0.008008008008008008 6.849464923166087e-10
0.01001001001001001 6.469136828584011e-09
0.012012012012012012 2.348334575558276e-09
0.014014014014014014 3.530757768123605e-09
0.016016016016016016 1.7150588412662537e-09
0.018018018018018018 5.41879727104492e-09
0.02002002002002002 1.7386468248882365e-09
0.022022022022022022 5.420035336611397e-09
0.024024024024024024 1.7396066435121186e-09
0.026026026026026026 5.420027712304981e-09
0.028028028028028028 1.739600733457843e-09
0.03003003003003003 5.420027772787755e-09
0.03203203203203203 1.739600780341733e-09
0.03403403403403403 5.420027772304614e-09
0.036036036036036036 1.739600779967236e-09
0.03803803803803804 5.420027772309154e-09
0.04004004004004004 1.7396007799708078e-09
0.04204204204204204 5.420027772309016e-09
0.044044044044044044 1.739600779970548e-09
0.04604604604604605 5.420027772311166e-09
0.04804804804804805 1.7396007799723331e-09
0.050050050050050046 5.420027772309795e-09
0.05205205205205205 1.73960077997119e-09
0.05405405405405406 5.4200277723074726e-09
0.056056056056056056 1.7396007799694678e-09
0.058058058058058054 5.420027772308976e-09
0.06006006006006006 1.7396007799707979e-09
0.062062062062062065 5.4200277723085785e-09
0.06406406406406406 1.7396007799701634e-09
0.06606606606606606 5.420027772307054e-09
0.06806806806806806 1.739600779969156e-09
0.07007007007007007 5.420027772309824e-09
0.07207207207207207 1.7396007799714422e-09
0.07407407407407407 5.420027772308659e-09
0.07607607607607608 1.7396007799704149e-09
0.07807807807807808 5.420027772308716e-09
0.08008008008008008 1.7396007799703537e-09
0.08208208208208208 5.420027772309904e-09
0.08408408408408408 1.739600779971262e-09
0.08608608608608609 5.420027772309349e-09
0.08808808808808809 1.7396007799707143e-09
0.09009009009009009 5.420027772308372e-09
0.0920920920920921 1.7396007799700807e-09
0.0940940940940941 5.420027772308308e-09
0.0960960960960961 1.7396007799700832e-09
0.0980980980980981 5.420027772306716e-09
0.10010010010010009 1.7396007799687994e-09
0.1021021021021021 5.420027772309331e-09
0.1041041041041041 1.7396007799707979e-09
0.1061061061061061 5.4200277723085785e-09
0.10810810810810811 1.7396007799701634e-09
0.11011011011011011 5.420027772307054e-09
0.11211211211211211 1.739600779969156e-09
0.11411411411411411 5.420027772309824e-09
0.11611611611611611 1.7396007799714422e-09
0.11811811811811812 5.420027772308659e-09
0.12012012012012012 1.7396007799704149e-09
0.12212212212212212 5.420027772308716e-09
0.12412412412412413 1.7396007799703537e-09
0.12612612612612611 5.420027772309904e-09
0.12812812812812813 1.739600779971262e-09
0.13013013013013014 5.420027772309349e-09
0.13213213213213212 1.7396007799707143e-09
0.13413413413413414 5.420027772308372e-09
0.13613613613613612 1.7396007799700807e-09
0.13813813813813813 5.420027772308308e-09
0.14014014014014015 1.7396007799700832e-09
0.14214214214214213 5.420027772306716e-09
0.14414414414414414 1.7396007799687994e-09
0.14614614614614616 5.420027772309331e-09
0.14814814814814814 1.7396007799707979e-09
0.15015015015015015 5.4200277723085785e-09
0.15215215215215216 1.7396007799701634e-09
0.15415415415415415 5.420027772307054e-09
0.15615615615615616 1.739600779969156e-09
0.15815815815815815 5.420027772309824e-09
0.16016016016016016 1.7396007799714422e-09
0.16216216216216217 5.420027772308659e-09
0.16416416416416416 1.7396007799704149e-09
0.16616616616616617 5.420027772308716e-09
0.16816816816816815 1.7396007799703537e-09
0.17017017017017017 5.420027772309904e-09
0.17217217217217218 1.739600779971262e-09
0.17417417417417416 5.420027772309349e-09
0.17617617617617617 1.7396007799707143e-09
0.1781781781781782 5.420027772308372e-09
0.18018018018018017 1.7396007799700807e-09
0.18218218218218218 5.420027772308308e-09
0.1841841841841842 1.7396007799700832e-09
0.18618618618618618 5.420027772306716e-09
0.1881881881881882 1.7396007799687994e-09
0.19019019019019018 5.420027772309331e-09
0.1921921921921922 1.7396007799707979e-09
0.1941941941941942 5.4200277723085785e-09
0.1961961961961962 1.7396007799701634e-09
0.1981981981981982 5.420027772307054e-09
0.20020020020020018 1.739600779969156e-09
0.2022022022022022 5.420027772309824e-09
0.2042042042042042 1.7396007799714422e-09
0.2062062062062062 5.420027772308659e-09
0.2082082082082082 1.7396007799704149e-09
0.21021021021021022 5.420027772308716e-09
0.2122122122122122 1.7396007799703537e-09
0.21421421421421422 5.420027772309904e-09
0.21621621621621623 1.739600779971262e-09
0.2182182182182182 5.420027772309349e-09
0.22022022022022023 1.7396007799707143e-09
0.2222222222222222 5.420027772308372e-09
0.22422422422422422 1.7396007799700807e-09
0.22622622622622623 5.420027772308308e-09
0.22822822822822822 1.7396007799700832e-09
0.23023023023023023 5.420027772306716e-09
0.23223223223223222 1.7396007799687994e-09
0.23423423423423423 5.420027772309331e-09
0.23623623623623624 1.7396007799707979e-09
0.23823823823823823 5.4200277723085785e-09
0.24024024024024024 1.7396007799701634e-09
0.24224224224224225 5.420027772307054e-09
0.24424424424424424 1.739600779969156e-09
0.24624624624624625 5.420027772309824e-09
0.24824824824824826 1.7396007799714422e-09
0.2502502502502503 5.420027772308659e-09
0.25225225225225223 1.7396007799704149e-09
0.25425425425425424 5.420027772308716e-09
0.25625625625625625 1.7396007799703537e-09
0.25825825825825827 5.420027772309904e-09
0.2602602602602603 1.739600779971262e-09
0.26226226226226224 5.420027772309349e-09
0.26426426426426425 1.7396007799707143e-09
0.26626626626626626 5.420027772308372e-09
0.2682682682682683 1.7396007799700807e-09
0.2702702702702703 5.420027772308308e-09
0.27227227227227224 1.7396007799700832e-09
0.27427427427427425 5.420027772306716e-09
0.27627627627627627 1.7396007799687994e-09
0.2782782782782783 5.420027772309331e-09
0.2802802802802803 1.7396007799707979e-09
0.2822822822822823 5.4200277723085785e-09
0.28428428428428426 1.7396007799701634e-09
0.2862862862862863 5.420027772307054e-09
0.2882882882882883 1.739600779969156e-09
0.2902902902902903 5.420027772309824e-09
0.2922922922922923 1.7396007799714422e-09
0.29429429429429427 5.420027772308659e-09
0.2962962962962963 1.7396007799704149e-09
0.2982982982982983 5.420027772308716e-09
0.3003003003003003 1.7396007799703537e-09
0.3023023023023023 5.420027772309904e-09
0.30430430430430433 1.739600779971262e-09
0.3063063063063063 5.420027772309349e-09
0.3083083083083083 1.7396007799707143e-09
0.3103103103103103 5.420027772308372e-09
0.3123123123123123 1.7396007799700807e-09
0.31431431431431434 5.420027772308308e-09
0.3163163163163163 1.7396007799700832e-09
0.3183183183183183 5.420027772306716e-09
0.3203203203203203 1.7396007799687994e-09
0.32232232232232233 5.420027772309331e-09
0.32432432432432434 1.7396007799707979e-09
0.3263263263263263 5.4200277723085785e-09
0.3283283283283283 1.7396007799701634e-09
0.3303303303303303 5.420027772307054e-09
0.33233233233233234 1.739600779969156e-09
0.33433433433433435 5.420027772309824e-09
0.3363363363363363 1.7396007799714422e-09
0.3383383383383383 5.420027772308659e-09
0.34034034034034033 1.7396007799704149e-09
0.34234234234234234 5.420027772308716e-09
0.34434434434434436 1.7396007799703537e-09
0.34634634634634637 5.420027772309904e-09
0.3483483483483483 1.739600779971262e-09
0.35035035035035034 5.420027772309349e-09
0.35235235235235235 1.7396007799707143e-09
0.35435435435435436 5.420027772308372e-09
0.3563563563563564 1.7396007799700807e-09
0.35835835835835833 5.420027772308308e-09
0.36036036036036034 1.7396007799700832e-09
0.36236236236236236 5.420027772306716e-09
0.36436436436436437 1.7396007799687994e-09
0.3663663663663664 5.420027772309331e-09
0.3683683683683684 1.7396007799707979e-09
0.37037037037037035 5.4200277723085785e-09
0.37237237237237236 1.7396007799701634e-09
0.3743743743743744 5.420027772307054e-09
0.3763763763763764 1.739600779969156e-09
0.3783783783783784 5.420027772309824e-09
0.38038038038038036 1.7396007799714422e-09
0.38238238238238237 5.420027772308659e-09
0.3843843843843844 1.7396007799704149e-09
0.3863863863863864 5.420027772308716e-09
0.3883883883883884 1.7396007799703537e-09
0.39039039039039036 5.420027772309904e-09
0.3923923923923924 1.739600779971262e-09
0.3943943943943944 5.420027772309349e-09
0.3963963963963964 1.7396007799707143e-09
0.3983983983983984 5.420027772308372e-09
0.40040040040040037 1.7396007799700807e-09
0.4024024024024024 5.420027772308308e-09
0.4044044044044044 1.7396007799700832e-09
0.4064064064064064 5.420027772306716e-09
0.4084084084084084 1.7396007799687994e-09
0.41041041041041043 5.420027772309331e-09
0.4124124124124124 1.7396007799707979e-09
0.4144144144144144 5.4200277723085785e-09
0.4164164164164164 1.7396007799701634e-09
0.4184184184184184 5.420027772307054e-09
0.42042042042042044 1.739600779969156e-09
0.4224224224224224 5.420027772309824e-09
0.4244244244244244 1.7396007799714422e-09
0.4264264264264264 5.420027772308659e-09
0.42842842842842843 1.7396007799704149e-09
0.43043043043043044 5.420027772308716e-09
0.43243243243243246 1.7396007799703537e-09
0.4344344344344344 5.420027772309904e-09
0.4364364364364364 1.739600779971262e-09
0.43843843843843844 5.420027772309349e-09
0.44044044044044045 1.7396007799707143e-09
0.44244244244244246 5.420027772308372e-09
0.4444444444444444 1.7396007799700807e-09
0.44644644644644643 5.420027772308308e-09
0.44844844844844844 1.7396007799700832e-09
0.45045045045045046 5.420027772306716e-09
0.45245245245245247 1.7396007799687994e-09
0.4544544544544544 5.420027772309331e-09
0.45645645645645644 1.7396007799707979e-09
0.45845845845845845 5.4200277723085785e-09
0.46046046046046046 1.7396007799701634e-09
0.4624624624624625 5.420027772307054e-09
0.46446446446446443 1.739600779969156e-09
0.46646646646646645 5.420027772309824e-09
0.46846846846846846 1.7396007799714422e-09
0.47047047047047047 5.420027772308659e-09
0.4724724724724725 1.7396007799704149e-09
0.4744744744744745 5.420027772308716e-09
0.47647647647647645 1.7396007799703537e-09
0.47847847847847846 5.420027772309904e-09
0.4804804804804805 1.739600779971262e-09
0.4824824824824825 5.420027772309349e-09
0.4844844844844845 1.7396007799707143e-09
0.48648648648648646 5.420027772308372e-09
0.48848848848848847 1.7396007799700807e-09
0.4904904904904905 5.420027772308308e-09
0.4924924924924925 1.7396007799700832e-09
0.4944944944944945 5.420027772306716e-09
0.4964964964964965 1.7396007799687994e-09
0.4984984984984985 5.420027772309331e-09
0.5005005005005005 1.7396007799707979e-09
0.5025025025025025 5.4200277723085785e-09
0.5045045045045045 1.7396007799701634e-09
0.5065065065065065 5.420027772307054e-09
0.5085085085085085 1.739600779969156e-09
0.5105105105105106 5.420027772309824e-09
0.5125125125125125 1.7396007799714422e-09
0.5145145145145145 5.420027772308659e-09
0.5165165165165165 1.7396007799704149e-09
0.5185185185185185 5.420027772308716e-09
0.5205205205205206 1.7396007799703537e-09
0.5225225225225225 5.420027772309904e-09
0.5245245245245245 1.739600779971262e-09
0.5265265265265265 5.420027772309349e-09
0.5285285285285285 1.7396007799707143e-09
0.5305305305305306 5.420027772308372e-09
0.5325325325325325 1.7396007799700807e-09
0.5345345345345345 5.420027772308308e-09
0.5365365365365365 1.7396007799700832e-09
0.5385385385385385 5.420027772306716e-09
0.5405405405405406 1.7396007799687994e-09
0.5425425425425425 5.420027772309331e-09
0.5445445445445445 1.7396007799707979e-09
0.5465465465465466 5.4200277723085785e-09
0.5485485485485485 1.7396007799701634e-09
0.5505505505505506 5.420027772307054e-09
0.5525525525525525 1.739600779969156e-09
0.5545545545545546 5.420027772309824e-09
0.5565565565565566 1.7396007799714422e-09
0.5585585585585585 5.420027772308659e-09
0.5605605605605606 1.7396007799704149e-09
0.5625625625625625 5.420027772308716e-09
0.5645645645645646 1.7396007799703537e-09
0.5665665665665666 5.420027772309904e-09
0.5685685685685685 1.739600779971262e-09
0.5705705705705706 5.420027772309349e-09
0.5725725725725725 1.7396007799707143e-09
0.5745745745745746 5.420027772308372e-09
0.5765765765765766 1.7396007799700807e-09
0.5785785785785785 5.420027772308308e-09
0.5805805805805806 1.7396007799700832e-09
0.5825825825825826 5.420027772306716e-09
0.5845845845845846 1.7396007799687994e-09
0.5865865865865866 5.420027772309331e-09
0.5885885885885885 1.7396007799707979e-09
0.5905905905905906 5.4200277723085785e-09
0.5925925925925926 1.7396007799701634e-09
0.5945945945945946 5.420027772307054e-09
0.5965965965965966 1.739600779969156e-09
0.5985985985985985 5.420027772309824e-09
0.6006006006006006 1.7396007799714422e-09
0.6026026026026026 5.420027772308659e-09
0.6046046046046046 1.7396007799704149e-09
0.6066066066066066 5.420027772308716e-09
0.6086086086086087 1.7396007799703537e-09
0.6106106106106106 5.420027772309904e-09
0.6126126126126126 1.739600779971262e-09
0.6146146146146146 5.420027772309349e-09
0.6166166166166166 1.7396007799707143e-09
0.6186186186186187 5.420027772308372e-09
0.6206206206206206 1.7396007799700807e-09
0.6226226226226226 5.420027772308308e-09
0.6246246246246246 1.7396007799700832e-09
0.6266266266266266 5.420027772306716e-09
0.6286286286286287 1.7396007799687994e-09
0.6306306306306306 5.420027772309331e-09
0.6326326326326326 1.7396007799707979e-09
0.6346346346346347 5.4200277723085785e-09
0.6366366366366366 1.7396007799701634e-09
0.6386386386386387 5.420027772307054e-09
0.6406406406406406 1.739600779969156e-09
0.6426426426426426 5.420027772309824e-09
0.6446446446446447 1.7396007799714422e-09
0.6466466466466466 5.420027772308659e-09
0.6486486486486487 1.7396007799704149e-09
0.6506506506506506 5.420027772308716e-09
0.6526526526526526 1.7396007799703537e-09
0.6546546546546547 5.420027772309904e-09
0.6566566566566566 1.739600779971262e-09
0.6586586586586587 5.420027772309349e-09
0.6606606606606606 1.7396007799707143e-09
0.6626626626626626 5.420027772308372e-09
0.6646646646646647 1.7396007799700807e-09
0.6666666666666666 5.420027772308308e-09
0.6686686686686687 1.7396007799700832e-09
0.6706706706706707 5.420027772306716e-09
0.6726726726726726 1.7396007799687994e-09
0.6746746746746747 5.420027772309331e-09
0.6766766766766766 1.6146944905649936e-09
0.6786786786786787 1.0624406332484263e-08
0.6806806806806807 4.628382431995025e-09
0.6826826826826827 2.513259197795356e-09
0.6846846846846847 4.159762122253386e-09
0.6866866866866866 1.4640798596620442e-09
0.6886886886886887 1.0732989262686828e-08
0.6906906906906907 4.091505581901262e-09
0.6926926926926927 1.4884407026761813e-09
0.6946946946946947 1.0627035085334064e-08
0.6966966966966966 4.630384595664476e-09
0.6986986986986987 2.5128830546557305e-09
0.7007007007007007 4.160016037631263e-09
0.7027027027027027 1.464036386713872e-09
0.7047047047047047 1.0733178042840888e-08
0.7067067067067067 4.091603201553889e-09
0.7087087087087087 1.4884230838747218e-09
0.7107107107107107 1.0627111815868986e-08
0.7127127127127127 4.630443030444361e-09
0.7147147147147147 2.5128720766966823e-09
0.7167167167167167 4.160023447238579e-09
0.7187187187187187 1.464035118218664e-09
0.7207207207207207 1.0733183551231231e-08
0.7227227227227228 4.091606049980224e-09
0.7247247247247247 1.4884225697950116e-09
0.7267267267267267 1.0627114054701708e-08
0.7287287287287287 4.630444735440148e-09
0.7307307307307307 2.5128717563835054e-09
0.7327327327327328 4.160023663432841e-09
0.7347347347347347 1.464035081207222e-09
0.7367367367367368 1.0733183711951347e-08
0.7387387387387387 4.091606133090613e-09
0.7407407407407407 1.4884225547951665e-09
0.7427427427427428 1.9897269506367073e-13
0.7447447447447447 8.409235115043083e-09
0.7467467467467468 0.00699719726657493
0.7487487487487487 0.0216575313900028
0.7507507507507507 0.025880961020430693
0.7527527527527528 0.030077348920568008
0.7547547547547547 0.034246954993924286
0.7567567567567568 0.0383900346691665
0.7587587587587588 0.04250684054746188
0.7607607607607607 0.04659762209316123
0.7627627627627628 0.050662624867718026
0.7647647647647647 0.054702091448794496
0.7667667667667668 0.0587162627205573
0.7687687687687688 0.06270537448725087
0.7707707707707707 0.06666966129188255
0.7727727727727728 0.07060935355948418
0.7747747747747747 0.0745246790947595
0.7767767767767768 0.07841586638493277
0.7787787787787788 0.08228313422119407
0.7807807807807807 0.08612670416842975
0.7827827827827828 0.08994679271330712
0.7847847847847848 0.09374361441667779
0.7867867867867868 0.09751738235868776
0.7887887887887888 0.1012683048186009
0.7907907907907907 0.10499658886420718
0.7927927927927928 0.10870243885880322
0.7947947947947948 0.11238605630642254
0.7967967967967968 0.11604764032142727
0.7987987987987988 0.11968738909844746
0.8008008008008007 0.1233054989393289
0.8028028028028028 0.1269021584142785
0.8048048048048048 0.13047755967671315
0.8068068068068068 0.13403189095098006
0.8088088088088088 0.13756533789881628
0.8108108108108109 0.1410780821207704
0.8128128128128128 0.14457030846178895
0.8148148148148148 0.14804219384841075
0.8168168168168168 0.15149391430900683
0.8188188188188188 0.1549256490264525
0.8208208208208209 0.15833756738420374
0.8228228228228228 0.16172983801153923
0.8248248248248248 0.1651026409618619
0.8268268268268268 0.1684561339482866
0.8288288288288288 0.1717904842243407
0.8308308308308309 0.1751058557356142
0.8328328328328328 0.17840240623290204
0.8348348348348348 0.18168030592050996
0.8368368368368369 0.18493970202617233
0.8388388388388388 0.1881807574364756
0.8408408408408409 0.19140362151131932
0.8428428428428428 0.19460845087283027
0.8448448448448448 0.1977953939445468
0.8468468468468469 0.20096459999844743
0.8488488488488488 0.20411622080484046
0.8508508508508509 0.20725039691002636
0.8528528528528528 0.2103672764796908
0.8548548548548548 0.2134670003808786
0.8568568568568569 0.2165497105113853
0.8588588588588588 0.21961554669937963
0.8608608608608609 0.22266464591776997
0.8628628628628628 0.22569714741486743
0.8648648648648649 0.22871318202594496
0.8668668668668669 0.23171288965856962
0.8688688688688688 0.23469639257699723
0.8708708708708709 0.2376638383676483
0.8728728728728729 0.24061533955627773
0.8748748748748749 0.24355103310419413
0.8768768768768769 0.24647104258502897
0.8788788788788788 0.24937549166558812
0.8808808808808809 0.2522645147864397
0.8828828828828829 0.2551382178881145
0.8848848848848849 0.25799673833575404
0.8868868868868869 0.2608401861431897
0.8888888888888888 0.2636686767129905
0.8908908908908909 0.26648234707401997
0.8928928928928929 0.2692812968423025
0.8948948948948949 0.2720656356673085
0.8968968968968969 0.27483549977815813
0.8988988988988988 0.277590985102742
0.9009009009009009 0.2803322056588056
0.9029029029029029 0.28305926875733856
0.9049049049049049 0.2857722970099284
0.9069069069069069 0.2884713871425086
0.9089089089089089 0.2911566465375961
0.9109109109109109 0.29382818251139364
0.9129129129129129 0.2964861078202135
0.914914914914915 0.2991305160498033
0.9169169169169169 0.30176150746102887
0.9189189189189189 0.3043791963957841
0.9209209209209209 0.30698368165237744
0.9229229229229229 0.3095750555622199
0.924924924924925 0.3121534189690599
0.9269269269269269 0.31471886579225916
0.9289289289289289 0.3172715041934511
0.9309309309309309 0.3198114174976133
0.9329329329329329 0.32233871169401107
0.934934934934935 0.32485347409893134
0.9369369369369369 0.32735579519859864
0.938938938938939 0.32984577491664285
0.9409409409409409 0.3323234972042746
0.9429429429429429 0.3347890554940432
0.944944944944945 0.3372425377873865
0.9469469469469469 0.3396840371399481
0.948948948948949 0.34211363626834335
0.950950950950951 0.3445314231576322
0.9529529529529529 0.3469374798557159
0.954954954954955 0.34933189614520277
0.9569569569569569 0.35171476451346356
0.958958958958959 0.3540861549514837
0.960960960960961 0.35644615168134125
0.9629629629629629 0.3587948435664681
0.964964964964965 0.361132302091997
0.9669669669669669 0.36345862101063764
0.968968968968969 0.3657738676679053
0.970970970970971 0.3680781272188747
0.9729729729729729 0.37037146941554433
0.974974974974975 0.3726539820198289
0.9769769769769769 0.37492574336314827
0.978978978978979 0.3771868204913513
0.980980980980981 0.37943728839426444
0.9829829829829829 0.3816772271316709
0.984984984984985 0.383906709541525
0.986986986986987 0.38612579964740773
0.988988988988989 0.3883345865953186
0.990990990990991 0.3905331319383608
0.992992992992993 0.39272149981968024
0.994994994994995 0.39489977238070684
0.996996996996997 0.3970680235113453
0.998998998998999 0.399226302664236
1.001001001001001 0.40137469669443837
1.003003003003003 0.40351326841248786
1.005005005005005 0.40564207175172556
1.007007007007007 0.40776119815782874
1.009009009009009 0.4098706979084184
1.011011011011011 0.4119706338663966
1.013013013013013 0.4140610819528195
1.015015015015015 0.41614209241186545
1.017017017017017 0.41821374410871626
1.019019019019019 0.42027609147064365
1.021021021021021 0.4223291966971488
1.023023023023023 0.42437312516908593
1.025025025025025 0.4264079238156047
1.027027027027027 0.4284336881303117
1.029029029029029 0.4304504394265026
1.031031031031031 0.43245826979952484
1.033033033033033 0.4344572142527677
1.035035035035035 0.43644734102330324
1.037037037037037 0.4384287107213883
1.039039039039039 0.4404013760512066
1.0410410410410411 0.4423653977572643
1.043043043043043 0.44432082761841274
1.045045045045045 0.44626772878103077
1.047047047047047 0.4482061420466726
1.049049049049049 0.45013615690531594
1.0510510510510511 0.45205779055094164
1.053053053053053 0.45397111996750505
1.055055055055055 0.4558761853430886
1.057057057057057 0.4577730488911442
1.059059059059059 0.4596617570806825
1.0610610610610611 0.461542367760757
1.063063063063063 0.4634149311456694
1.065065065065065 0.4652794975061268
1.067067067067067 0.4671361187728854
1.069069069069069 0.46898484592748746
1.0710710710710711 0.47082573353709894
1.073073073073073 0.4726588135647307
1.075075075075075 0.4744841687897388
1.077077077077077 0.476301814515926
1.079079079079079 0.47811181998454017
1.0810810810810811 0.47991422013512125
1.083083083083083 0.48170907458042783
1.085085085085085 0.48349640926121606
1.087087087087087 0.48527631241771846
1.089089089089089 0.4870487923013555
1.0910910910910911 0.4888139054245882
1.093093093093093 0.4905717058040023
1.095095095095095 0.4923222304094945
1.097097097097097 0.4940655306836657
1.0990990990990992 0.4958016411113721
1.1011011011011012 0.4975306179094459
1.103103103103103 0.4992524980318603
1.105105105105105 0.5009673223904075
1.107107107107107 0.5026751459340959
1.1091091091091092 0.504375997688023
1.1111111111111112 0.5060699334009868
1.1131131131131131 0.507756983106173
1.115115115115115 0.5094371938145448
1.117117117117117 0.5111106118896496
1.1191191191191192 0.5127772665751302
1.1211211211211212 0.5144372147444387
1.1231231231231231 0.5160904774123408
1.125125125125125 0.5177371154519157
1.127127127127127 0.5193771575502713
1.1291291291291292 0.5210106270699093
1.1311311311311312 0.5226376105271623
1.1331331331331331 0.5242580989947527
1.135135135135135 0.525872149698055
1.137137137137137 0.5274798075348858
1.1391391391391392 0.5290810952663444
1.1411411411411412 0.5306760625548801
1.1431431431431431 0.5322647410961774
1.145145145145145 0.5338471658108948
1.147147147147147 0.5354233839173163
1.1491491491491492 0.536993418884276
1.1511511511511512 0.5385573230852693
1.1531531531531531 0.5401151179067883
1.155155155155155 0.5416668349649351
1.157157157157157 0.5432125349429099
1.1591591591591592 0.5447522165642783
1.1611611611611612 0.5462859556282348
1.1631631631631631 0.5478137583029574
1.165165165165165 0.5493356536892547
1.167167167167167 0.550851709910268
1.1691691691691692 0.5523619298377552
1.1711711711711712 0.5538663511489113
1.1731731731731732 0.5553650207502567
1.1751751751751751 0.556857957834657
1.177177177177177 0.5583452060475135
1.1791791791791792 0.559826791830436
1.1811811811811812 0.561302739843449
1.1831831831831832 0.5627731015638469
1.1851851851851851 0.5642378856836395
1.187187187187187 0.5656971437084435
1.1891891891891893 0.5671509050286746
1.1911911911911912 0.5685991869469931
1.1931931931931932 0.5700420255849002
1.1951951951951951 0.5714794618218304
1.197197197197197 0.5729114973565521
1.1991991991991993 0.5743382145139191
1.2012012012012012 0.5757595968285683
1.2032032032032032 0.5771756865057988
1.2052052052052051 0.5785865221488404
1.207207207207207 0.5799921232714105
1.2092092092092093 0.5813925158278462
1.2112112112112112 0.5827877437999485
1.2132132132132132 0.5841778207031365
1.2152152152152151 0.5855627871073251
1.2172172172172173 0.5869426638687338
1.2192192192192193 0.58831747491879
1.2212212212212212 0.5896872610338839
1.2232232232232232 0.5910520362003641
1.2252252252252251 0.5924118281837294
1.2272272272272273 0.5937666868498565
1.2292292292292293 0.5951166071378764
1.2312312312312312 0.596461640032782
1.2332332332332332 0.5978018048171648
1.2352352352352352 0.5991371146524566
1.2372372372372373 0.6004676175355523
1.2392392392392393 0.6017933251323625
1.2412412412412412 0.6031142647764675
1.2432432432432432 0.6044304681258854
1.2452452452452452 0.6057419575342139
1.2472472472472473 0.6070487526435436
1.2492492492492493 0.6083508917730407
1.2512512512512513 0.609648369891189
1.2532532532532532 0.610941267428082
1.2552552552552552 0.6122295553082205
1.2572572572572573 0.6135132747276785
1.2592592592592593 0.6147924706748178
1.2612612612612613 0.6160671378791653
1.2632632632632632 0.6173373093874033
1.2652652652652652 0.6186030191097199
1.2672672672672673 0.61986427460234
1.2692692692692693 0.6211211125550438
1.2712712712712713 0.6223735518745563
1.2732732732732732 0.6236216030968069
1.2752752752752752 0.6248653205375281
1.2772772772772774 0.6261046964534449
1.2792792792792793 0.627339761712876
1.2812812812812813 0.6285705496027406
1.2832832832832832 0.6297970534569565
1.2852852852852852 0.6310193477144332
1.2872872872872874 0.6322374061839243
1.2892892892892893 0.6334512650977498
1.2912912912912913 0.634660956655017
1.2932932932932932 0.63586648338636
1.2952952952952952 0.6370678841593685
1.2972972972972974 0.6382651747682102
1.2992992992992993 0.6394583592696708
1.3013013013013013 0.6406474969632973
1.3033033033033032 0.6418325721448715
1.3053053053053052 0.6430136220385259
1.3073073073073074 0.644190668173413
1.3093093093093093 0.6453637166629309
1.3113113113113113 0.6465328093176169
1.3133133133133132 0.6476979401324986
1.3153153153153152 0.6488591564938916
1.3173173173173174 0.6500164683772407
1.3193193193193193 0.6511698644604915
1.3213213213213213 0.6523194336410039
1.3233233233233233 0.6534651362661982
1.3253253253253252 0.6546070013378701
1.3273273273273274 0.655745070840089
1.3293293293293293 0.6568793261586389
1.3313313313313313 0.6580098379092674
1.3333333333333333 0.6591365786421416
1.3353353353353352 0.6602595865679234
1.3373373373373374 0.661378887258831
1.3393393393393394 0.6624944810679031
1.3413413413413413 0.6636063990869415
1.3433433433433433 0.6647146410296436
1.3453453453453452 0.6658192501009598
1.3473473473473474 0.6669201969026012
1.3493493493493494 0.6680174095925089
1.3513513513513513 0.6691105807722515
1.3533533533533533 0.6701984439001938
1.3553553553553555 0.6712766344431834
1.3573573573573574 0.6723313914857729
1.3593593593593594 0.6733288495559522
1.3613613613613613 0.6742241622440881
1.3633633633633633 0.6750295349645525
1.3653653653653655 0.675802576714948
1.3673673673673674 0.6765633731999872
1.3693693693693694 0.677313338227853
1.3713713713713713 0.6780524808358365
1.3733733733733733 0.6787807756802015
1.3753753753753755 0.6794982085340474
1.3773773773773774 0.6802047354365546
1.3793793793793794 0.6809003206873284
1.3813813813813813 0.6815849554842426
1.3833833833833833 0.6822585857930482
1.3853853853853855 0.6829211636998592
1.3873873873873874 0.6835726844860658
1.3893893893893894 0.6842130811485863
1.3913913913913913 0.684842308399655
1.3933933933933933 0.6854603210440587
1.3953953953953955 0.6860670657223368
1.3973973973973974 0.6866624847227706
1.3993993993993994 0.6872465395599026
1.4014014014014013 0.6878191553728437
1.4034034034034033 0.6883802726995082
1.4054054054054055 0.6889298172315184
1.4074074074074074 0.6894677230485768
1.4094094094094094 0.6899939165418442
1.4114114114114114 0.6905083223156842
1.4134134134134133 0.6910108421363559
1.4154154154154155 0.6915014068293744
1.4174174174174174 0.6919799161461089
1.4194194194194194 0.6924462507893004
1.4214214214214214 0.6929003654986675
1.4234234234234233 0.6933420917692809
1.4254254254254255 0.6937713520314098
1.4274274274274275 0.6941880111965727
1.4294294294294294 0.6945919430597195
1.4314314314314314 0.6949830218472526
1.4334334334334333 0.6953611041554565
1.4354354354354355 0.6957260315038898
1.4374374374374375 0.696077685598781
1.4394394394394394 0.6964158544002639
1.4414414414414414 0.6967404053431486
1.4434434434434433 0.697051133376949
1.4454454454454455 0.6973478493430979
1.4474474474474475 0.697630359489135
1.4494494494494494 0.6978984492078838
1.4514514514514514 0.6981518901840366
1.4534534534534533 0.6983904406644338
1.4554554554554555 0.6986138534117684
1.4574574574574575 0.6988218596910608
1.4594594594594594 0.6990141810327697
1.4614614614614614 0.6991905248800113
1.4634634634634633 0.6993505707432967
1.4654654654654655 0.699493980192881
1.4674674674674675 0.6996204008229543
1.4694694694694694 0.6997294525924072
1.4714714714714714 0.6998207191379995
1.4734734734734736 0.6998938217714352
1.4754754754754755 0.6999482565469651
1.4774774774774775 0.6999835643926492
1.4794794794794794 0.6999992126406935
1.4814814814814814 0.6999946685502644
1.4834834834834836 0.6999693005475173
1.4854854854854855 0.6999225084119899
1.4874874874874875 0.6998536009032489
1.4894894894894894 0.6997618350658358
1.4914914914914914 0.6996464275038295
1.4934934934934936 0.6995065279605345
1.4954954954954955 0.6993412253805776
1.4974974974974975 0.6991494850615383
1.4994994994994995 0.6989302551929953
1.5015015015015014 0.6986823455798148
1.5035035035035036 0.6984044841196001
1.5055055055055055 0.6980952173386955
1.5075075075075075 0.6977530407096486
1.5095095095095095 0.6973762329755917
1.5115115115115114 0.6969629189778402
1.5135135135135136 0.6965110105654476
1.5155155155155156 0.6960181840167907
1.5175175175175175 0.6954818426360049
1.5195195195195195 0.6948990653217647
1.5215215215215214 0.6942665487938298
1.5235235235235236 0.693580551544852
1.5255255255255256 0.6928367852662443
1.5275275275275275 0.6920302916269567
1.5295295295295295 0.6911553240927938
1.5315315315315314 0.6902051673405977
1.5335335335335336 0.6891718048142333
1.5355355355355356 0.6880456849196733
1.5375375375375375 0.6868151861113299
1.5395395395395395 0.6854658458053238
1.5415415415415414 0.6839795646970003
1.5435435435435436 0.6823329020937882
1.5455455455455456 0.6804947723525563
1.5475475475475475 0.6784223507153462
1.5495495495495495 0.6760538044971319
1.5515515515515514 0.6732939063465525
1.5535535535535536 0.6699816868756169
1.5555555555555556 0.6658013754241935
1.5575575575575575 0.659928417934293
1.5595595595595595 2.9694418636461303e-09
1.5615615615615615 4.1321021988296363e-16
1.5635635635635636 3.1434529944303944e-15
1.5655655655655656 1.3656724294803628e-15
1.5675675675675675 7.479319934919042e-16
1.5695695695695695 1.2251645734831352e-15
1.5715715715715715 4.401592058189072e-16
1.5735735735735736 3.1635803196713755e-15
1.5755755755755756 1.202780419343106e-15
1.5775775775775776 4.868729780170891e-16
1.5795795795795795 3.1213121943037346e-15
1.5815815815815815 1.3487076177298857e-15
1.5835835835835836 7.542456428478636e-16
1.5855855855855856 1.2208584308243003e-15
1.5875875875875876 4.4092364376753323e-16
1.5895895895895895 3.1602526423366947e-15
1.5915915915915915 1.2010575333245356e-15
1.5935935935935936 4.87218376829581e-16
1.5955955955955956 3.119751538446322e-15
1.5975975975975976 1.3475081672084059e-15
1.5995995995995995 7.544752097838084e-16
1.6016016016016015 1.220700731622345e-15
1.6036036036036037 4.4095176752442064e-16
1.6056056056056056 3.1601302009116995e-15
1.6076076076076076 1.2009941342357853e-15
1.6096096096096095 4.87231104418466e-16
1.6116116116116117 3.119694039191551e-15
1.6136136136136137 1.3474639667879975e-15
1.6156156156156156 7.544836684921659e-16
1.6176176176176176 1.22069491950546e-15
1.6196196196196195 4.409528042197993e-16
1.6216216216216217 3.160125687466494e-15
1.6236236236236237 1.200991797205787e-15
1.6256256256256256 4.872315736092046e-16
1.6276276276276276 3.1196919195483342e-15
1.6296296296296295 1.347462337378383e-15
1.6316316316316317 7.54483980313889e-16
1.6336336336336337 1.2206947052453792e-15
1.6356356356356356 4.409528424371598e-16
1.6376376376376376 3.1601255210798673e-15
1.6396396396396395 1.2009917110520627e-15
1.6416416416416417 4.872315909059968e-16
1.6436436436436437 3.1196918414080777e-15
1.6456456456456456 1.3474622773101772e-15
1.6476476476476476 7.544839918093433e-16
1.6496496496496496 1.2206946973473251e-15
1.6516516516516517 4.4095284384603857e-16
1.6536536536536537 3.160125514947021e-15
1.6556556556556556 1.2009917078764625e-15
1.6576576576576576 4.872315915435526e-16
1.6596596596596596 3.119691838526989e-15
1.6616616616616617 1.3474622750954762e-15
1.6636636636636637 7.544839922332369e-16
1.6656656656656657 1.220694697055804e-15
1.6676676676676676 4.4095284389804856e-16
1.6696696696696696 3.160125514720889e-15
1.6716716716716717 1.2009917077591995e-15
1.6736736736736737 4.872315915670504e-16
1.6756756756756757 3.1196918384208966e-15
1.6776776776776776 1.3474622750141131e-15
1.6796796796796796 7.544839922489648e-16
1.6816816816816818 1.2206946970450474e-15
1.6836836836836837 4.4095284389999507e-16
1.6856856856856857 3.160125514712517e-15
1.6876876876876876 1.2009917077553483e-15
1.6896896896896896 4.872315915678551e-16
1.6916916916916918 3.1196918384187114e-15
1.6936936936936937 1.3474622750121066e-15
1.6956956956956957 7.544839922492373e-16
1.6976976976976976 1.2206946970447177e-15
1.6996996996996996 4.409528439000771e-16
1.7017017017017018 3.1601255147126357e-15
1.7037037037037037 1.2009917077552715e-15
1.7057057057057057 4.872315915679036e-16
1.7077077077077076 3.1196918384185955e-15
1.7097097097097096 1.3474622750123212e-15
1.7117117117117118 7.544839922494137e-16
1.7137137137137137 1.2206946970449547e-15
1.7157157157157157 4.409528439000625e-16
1.7177177177177176 3.160125514712706e-15
1.7197197197197196 1.2009917077551059e-15
1.7217217217217218 4.872315915680192e-16
1.7237237237237237 3.119691838418314e-15
1.7257257257257257 1.3474622750118688e-15
1.7277277277277276 7.544839922494389e-16
1.7297297297297298 1.2206946970451208e-15
1.7317317317317318 4.409528439001126e-16
1.7337337337337337 3.1601255147129567e-15
1.7357357357357357 1.2009917077552049e-15
1.7377377377377377 4.872315915680657e-16
1.7397397397397398 3.1196918384191307e-15
1.7417417417417418 1.3474622750123315e-15
1.7437437437437437 7.544839922493529e-16
1.7457457457457457 1.2206946970450636e-15
1.7477477477477477 4.409528439001568e-16
1.7497497497497498 3.160125514714647e-15
1.7517517517517518 1.2009917077557709e-15
1.7537537537537538 4.872315915679501e-16
1.7557557557557557 3.1196918384206276e-15
1.7577577577577577 1.3474622750133418e-15
1.7597597597597598 7.544839922491821e-16
1.7617617617617618 1.2206946970454793e-15
1.7637637637637638 4.4095284390010197e-16
1.7657657657657657 3.1601255147143373e-15
1.7677677677677677 1.2009917077560866e-15
1.7697697697697699 4.872315915679967e-16
1.7717717717717718 3.1196918384196825e-15
1.7737737737737738 1.3474622750126845e-15
1.7757757757757757 7.5448399224942825e-16
1.7777777777777777 1.2206946970452924e-15
1.7797797797797799 4.40952843900171e-16
1.7817817817817818 3.1601255147148043e-15
1.7837837837837838 1.2009917077561119e-15
1.7857857857857857 4.872315915680152e-16
1.7877877877877877 3.1196918384198277e-15
1.7897897897897899 1.3474622750127314e-15
1.7917917917917918 7.544839922494026e-16
1.7937937937937938 1.2206946970455708e-15
1.7957957957957957 4.4095284390022976e-16
1.7977977977977977 3.1601255147139093e-15
1.7997997997997999 1.2009917077555536e-15
1.8018018018018018 4.872315915682069e-16
1.8038038038038038 3.1196918384193646e-15
1.8058058058058057 1.347462275012341e-15
1.8078078078078077 7.544839922496913e-16
1.8098098098098099 1.2206946970454679e-15
1.8118118118118118 4.4095284390022424e-16
1.8138138138138138 3.1601255147137515e-15
1.8158158158158157 1.200991707755465e-15
1.8178178178178177 4.872315915681746e-16
1.8198198198198199 3.1196918384200785e-15
1.8218218218218218 1.3474622750127857e-15
1.8238238238238238 7.544839922495837e-16
1.8258258258258258 1.220694697045492e-15
1.8278278278278277 4.4095284390030865e-16
1.82982982982983 3.1601255147158653e-15
1.8318318318318318 1.2009917077562628e-15
1.8338338338338338 4.872315915681379e-16
1.8358358358358358 3.1196918384218385e-15
1.8378378378378377 1.3474622750138368e-15
1.83983983983984 7.54483992249403e-16
1.8418418418418419 1.2206946970458268e-15
1.8438438438438438 4.409528439002258e-16
1.8458458458458458 3.1601255147153983e-15
1.8478478478478477 1.2009917077564746e-15
1.84984984984985 4.872315915681446e-16
1.8518518518518519 3.119691838420607e-15
1.8538538538538538 1.3474622750130742e-15
1.8558558558558558 7.544839922496787e-16
1.8578578578578577 1.2206946970456473e-15
1.85985985985986 4.4095284390029997e-16
1.8618618618618619 3.1601255147157205e-15
1.8638638638638638 1.2009917077564554e-15
1.8658658658658658 4.872315915681608e-16
1.867867867867868 3.1196918384205952e-15
1.86986986986987 1.347462275013085e-15
1.8718718718718719 7.544839922495982e-16
1.8738738738738738 1.220694697045934e-15
1.8758758758758758 4.4095284390034217e-16
1.877877877877878 3.1601255147146765e-15
1.87987987987988 1.2009917077558525e-15
1.8818818818818819 4.872315915683308e-16
1.8838838838838838 3.119691838420188e-15
1.8858858858858858 1.3474622750126377e-15
1.887887887887888 7.544839922498491e-16
1.88988988988989 1.2206946970457467e-15
1.8918918918918919 4.4095284390032403e-16
1.8938938938938938 3.1601255147145076e-15
1.8958958958958958 1.2009917077557664e-15
1.897897897897898 4.872315915682751e-16
1.8998998998999 3.11969183842071e-15
1.901901901901902 1.3474622750130418e-15
1.9039039039039038 7.544839922497395e-16
1.9059059059059058 1.2206946970456876e-15
1.907907907907908 4.4095284390037333e-16
1.90990990990991 3.160125514716333e-15
1.911911911911912 1.2009917077564771e-15
1.9139139139139139 4.872315915682176e-16
1.9159159159159158 3.1196918384223583e-15
1.917917917917918 1.347462275014082e-15
1.91991991991992 7.544839922495781e-16
1.921921921921922 1.220694697046101e-15
1.9239239239239239 4.4095284390031693e-16
1.9259259259259258 3.1601255147159524e-15
1.927927927927928 1.2009917077567481e-15
1.92992992992993 4.872315915682503e-16
1.931931931931932 3.1196918384214137e-15
1.9339339339339339 1.3474622750134785e-15
1.9359359359359358 7.544839922498984e-16
1.937937937937938 1.2206946970460445e-15
1.93993993993994 4.409528439004692e-16
1.941941941941942 3.1601255147168577e-15
1.9439439439439439 1.2009917077568794e-15
1.9459459459459458 4.872315915683319e-16
1.947947947947948 3.1196918384216917e-15
1.94994994994995 1.3474622750134962e-15
1.951951951951952 7.544839922498491e-16
1.9539539539539539 1.2206946970463372e-15
1.9559559559559558 4.4095284390049324e-16
1.957957957957958 3.160125514715782e-15
1.95995995995996 1.200991707756247e-15
1.961961961961962 4.872315915684889e-16
1.9639639639639639 3.119691838421278e-15
1.9659659659659658 1.3474622750131694e-15
1.967967967967968 7.544839922501524e-16
1.96996996996997 1.2206946970462654e-15
1.971971971971972 4.4095284390052164e-16
1.973973973973974 3.1601255147159804e-15
1.9759759759759759 1.200991707756309e-15
1.977977977977978 4.872315915685118e-16
1.97997997997998 3.119691838422061e-15
1.981981981981982 1.3474622750135998e-15
1.983983983983984 7.54483992250055e-16
1.985985985985986 1.2206946970461881e-15
1.987987987987988 4.4095284390054925e-16
1.98998998998999 3.1601255147174777e-15
1.991991991991992 1.200991707756902e-15
1.993993993993994 4.87231591568425e-16
1.995995995995996 3.119691838423606e-15
1.997997997997998 1.3474622750146596e-15
2.0 7.544839922498783e-16
