0.0 nan
0.020202020202020204 nan
0.04040404040404041 nan
0.06060606060606061 nan
0.08080808080808081 -164.67698305007823
0.10101010101010102 -141.3445301191037
0.12121212121212122 -126.29003760449342
0.14141414141414144 -114.81307287250596
0.16161616161616163 -105.3982521066217
0.18181818181818182 -97.34541941151275
0.20202020202020204 -90.2681275047795
0.22222222222222224 -83.92849341388273
0.24242424242424243 -78.16876372679616
0.26262626262626265 -72.87848472403078
0.2828282828282829 -67.97704716218016
0.30303030303030304 -63.403665481145936
0.32323232323232326 -59.11127137899564
0.3434343434343435 -55.0626104408783
0.36363636363636365 -51.227647144897105
0.38383838383838387 -47.58178213197198
0.4040404040404041 -44.10459287929277
0.42424242424242425 -40.77892252366303
0.4444444444444445 -37.59020669708687
0.4646464646464647 -34.525967016550624
0.48484848484848486 -31.575423745804102
0.5050505050505051 -28.729195281791675
0.5252525252525253 -25.979061962988936
0.5454545454545455 -23.317778249301625
0.5656565656565657 -20.738921775202556
0.5858585858585859 -18.236770859502172
0.6060606060606061 -15.806204224635565
0.6262626262626263 -13.442618229308664
0.6464646464646465 -11.141858042833405
0.6666666666666667 -8.900160015378901
0.686868686868687 -6.714103185819738
0.7070707070707072 14.342774937958097
0.7272727272727273 16.3330659186218
0.7474747474747475 17.361717531337604
0.7676767676767677 17.361717091029902
0.787878787878788 17.36171720421686
0.8080808080808082 17.361717330776344
0.8282828282828284 17.361717415433873
0.8484848484848485 17.36171734364592
0.8686868686868687 17.36171742755738
0.888888888888889 17.36171730394966
0.9090909090909092 17.361717413556846
0.9292929292929294 17.361717467956737
0.9494949494949496 17.36171748864126
0.9696969696969697 17.36171749861677
0.98989898989899 17.361717532572072
1.0101010101010102 17.361717587768396
1.0303030303030305 17.361717534042043
1.0505050505050506 17.361717539814833
1.0707070707070707 17.361717667476057
1.090909090909091 17.361717761740124
1.1111111111111112 17.3617177283391
1.1313131313131315 17.361717642051588
1.1515151515151516 17.361717542765973
1.1717171717171717 17.361718157059556
1.191919191919192 17.36171769295254
1.2121212121212122 17.361717593590868
1.2323232323232325 17.361717587663748
1.2525252525252526 17.361717570580254
1.272727272727273 17.36171757929486
1.292929292929293 17.361717607302865
1.3131313131313131 17.361717619289607
1.3333333333333335 17.3617179134568
1.3535353535353536 17.364390281637952
1.373737373737374 17.865211366278004
1.393939393939394 18.60811616678768
1.4141414141414144 19.394266077795464
1.4343434343434345 20.22927160307472
1.4545454545454546 21.12147294905475
1.474747474747475 22.083969576297477
1.494949494949495 23.139044607217727
1.5151515151515154 24.329715315343606
1.5353535353535355 25.76103222920625
1.5555555555555556 27.94809237237172
1.575757575757576 59.380958237553955
1.595959595959596 60.48613177184939
1.6161616161616164 61.580430188782145
1.6363636363636365 62.66410023824625
1.6565656565656568 63.737379710208074
1.676767676767677 64.80049813985909
1.696969696969697 65.85367719351575
1.7171717171717173 66.89713103194924
1.7373737373737375 67.9310666527237
1.7575757575757578 68.95568421299333
1.777777777777778 69.97117733409323
1.7979797979797982 70.97773338915107
1.8181818181818183 71.975533774854
1.8383838383838385 72.96475416841332
1.8585858585858588 73.94556477069375
1.878787878787879 74.91813053639709
1.8989898989898992 75.88261139212722
1.9191919191919193 76.83916244309893
1.9393939393939394 77.7879341691995
1.9595959595959598 78.72907261105956
1.97979797979798 79.66271954674284
2.0 80.58901265962169
